0       hk   2 0.0059 0.01
1) pyrclac 2 v0  k1 
2    lacin   2 0.07e-05 0.01
3 laccpyrm   3 0.0001 1 0.56094
4) pyrclacc 2 v0  k1 
5   pyrdcm   2 0.02 0.7
6      pdh   3 0.00025 0.02 0.0217826
7   citakg   3 0.649994 1 0.564972
8   akgsuc   4 1.68996 0.0696334 0.564972 0.564972
9   sucmal   2 0.622122 0.5
10       pc   3 0.000400745 0.005 0.564972
11   malicm   3 0.005 0.33103 0.564972
12     oacd   2 5.10294e-05 0.01
14   akgdcm   2 0.001 0.01
15    liase   3 0.000125 0.51 0.564972
16  akgcit1   3 0.0005 0.01 0.564972
17   gln_in   2 0.0002 0.3
18    ala_o   2 0.00738563 0.2
19      cs0   3 1.1 0.0946553 0.069891
20        D   1 0.1
21      rdt   1 0.3
3 4 5 6 7 8 9 10 11 12 13 14 15 16 17 18 19 20 21 22 23 24 25 26 27 29 30 32 35 36 37 -1 .
0) npyrc	0.01
0) npyr      0.0129963
2) ncoa      0.0621227
3) noac      0.0711796
4) ncit      0.06688
5) nakg      0.200136
6) nakgc     0.0119434
7) nsuc      0.0419397
8) nmal      0.0718893
9) nlacc     0.1
10) ngl       8.636
9) nlacc     0.1
12) ngln      0.1
0) hk	0.001
1) pyrclac	0.001
2) lacin	0.001
3) laccpyr	0.001
4) pyrclacc	0.001
5) pyrdcm	0.001
6) pdh	0.001
7) citakg	0.001
8) akgsuc	0.001
9) sucmal	0.001
10) pc	0.001
11) malicm	0.001
12) oacd	0.001
13) akgdcm	0.001
14) liase	0.001
15) akgcit1	0.001
16) gln_in	0.001
17) ala_o	0.001
18) cs0	0.001
19) D	0.001
20) rdt	0.001
