time(h): 0 0.5 1 3 199 -1  
name: Pyrmit,0,2
t= 0.5
mean:
0.6375 0.00803 0 0.35622
sd:
0.0348 0.01136 0 0.04617
t= 1
mean:
0.72072 0.01696 0 0.26232
sd:
0.09685 0.00096 0 0.09589
t= 3
mean:
0.58809 0.00678 0 0.40513
sd:
0.03399 0.00216 0 0.03614
t= 24
mean:
0.54509 0 0 0.45491
sd:
0.08706 0 0 0.08706
fin
name: pyrcyt,0,2
t= 0.5
mean:
0.6375 0.00803 0 0.35622
sd:
0.0348 0.01136 0 0.04617
t= 1
mean:
0.72072 0.01696 0 0.26232
sd:
0.09685 0.00096 0 0.09589
t= 3
mean:
0.58809 0.00678 0 0.40513
sd:
0.03399 0.00216 0 0.03614
t= 24
mean:
0.54509 0 0 0.45491
sd:
0.08706 0 0 0.08706
fin
name: *laccel,0,2
t= 0.5
mean:
0.9073 0 0.0004 0.09228
sd:
0.0074 0 0.0006 0.00681
t= 1
mean:
0.91534 0.0003 0.0003 0.08403
sd:
0.01697 0.0004 0.0004 0.01786
t= 3
mean:
0.85696 0 0 0.14304
sd:
0.03074 0 0 0.03074
t= 24
mean:
0.67511 0 0 0.32489
sd:
0.01184 0 0 0.01184
fin
name: Lactate,0,2
t= 0.5
mean:
0.9073 0 0.0004 0.09228
sd:
0.0074 0 0.0006 0.00681
t= 1
mean:
0.91534 0.0003 0.0003 0.08403
sd:
0.01697 0.0004 0.0004 0.01786
t= 3
mean:
0.85696 0 0 0.14304
sd:
0.03074 0 0 0.03074
t= 24
mean:
0.67511 0 0 0.32489
sd:
0.01184 0 0 0.01184
fin
name: *Pyr_C2C3,1,2
t= 0.5
mean:
0.8441 0.0706 0.0790
sd:
0.0029 0.0016 0.0005
t= 1
mean:
0.8817 0.0510 0.0630
sd:
0.0032 0.0174 0.0208
t= 3
mean:
0.8034 0.0483 0.1481
sd:
0.0228 0.0143 0.0085
t= 24
mean:
0.7338 0.0055 0.2606
sd:
0.0041 0.0033 0.0007
fin
name: Citrate,0,5
t= 0.5
mean:
0.9294 0.0037 0.0666 0.0003 0 0 0 
sd:
0.0014 0.0052 0.0042 0.0004 0 0 0 
t= 1
mean:
0.9497 0 0.0503 0 0 0 0
sd:
0.0009 0 0.0009 0 0 0 0
t= 3
mean:
0.8920 0 0.1063 0.0017 0 0 0
sd:
0.0307 0 0.0332 0.0024 0 0 0
t= 24
mean:
0.6748 0.0162 0.2603 0.0222 0.0194 0.0070 0.0001
sd:
0.0062 0.0057 0.0150 0.0016 0.0024 0.0007 0.0002
fin
name: Valine,1,4
t= 0.5
mean:
0.9902 0.0036 0.0015 0.0030 0.0003
sd:
0 0 0.0022 0.0015 0
t= 1
mean:
0.9908 0.0021 0.0027 0.0028 0
sd:
0.0031 0.0025 0.0001 0 0
t= 3
mean:
0.9883 0.0027 0.0032 0.0032 0.0003
sd:
0.0012 0.0024 0.0003 0.0009 0.0005
t= 24
mean:
0.9789 0.0073 0.0035 0.0064 0.0004 
sd:
0.0022 0.0008 0.0005 0.0017 0
fin
name: Leucine,1,4
t= 0.5
mean:
0.9931 0.0060 0 0.0009 0
sd:
0.0001 0.0008 0 0 0
t= 1
mean:
0.9926 0.0057 0.0002 0.0011 0
sd:
0.0004 0.0001 0.0002 0.0008 0
t= 3
mean:
0.9905 0.0072 0.0015 0 0.0003
sd:
0.0002 0 0.0006 0.0006 0
t= 24
mean:
0.9877 0.0072 0.0005 0.0035 0
sd:
0.0025 0.0004 0.0007 0.0011 0.0001
fin
name: Isoleucine,0,4
t= 0.5
mean:
0.9948 0.0043 0 0.0008 0 0
sd:
0.0001 0.0003 0 0 0 0.0001
t= 1
mean:
0.9960 0.0024 0.0003 0.0010 0 0.0001
sd:
0.0017 0.0013 0.0003 0 0 0.0002
t= 3
mean:
0.9957 0.0029 0 0.0011 0 0.0001
sd:
0.0010 0.0018 0 0.0007 0.0008 0 0.0001
t= 24
mean:
0.9934 0.0036 0.0002 0.0021 0 0.0005
sd:
0.0017 0.0007 0.0002 0.0004 0 0.0002
fin
name: MalFum,0,3
t= 0.5
mean:
0.8708 0.0249 0.0134 0.0745 0.0163
sd:
0.0066 0.0008 0.0032 0.0086 0.0020
t= 1
mean:
0.8740 0.0263 0.0139 0.0676 0.0183
sd:
0.0024 0.0009 0.0024 0.0026 0.0035
t= 3
mean:
0.8668 0.0210 0.0126 0.0752 0.0245
sd:
0.0128 0.0017 0.0016 0.0032 0.0062
t= 24
mean:
0.7613 0.0344 0.0604 0.0965 0.0473
sd:
0.0013 0.0017 0.0057 0.0035 0.0123
fin
name: succinate,0,3
t= 0.5
mean:
0.8708 0.0249 0.0134 0.0745 0.0163
sd:
0.0066 0.0008 0.0032 0.0086 0.0020
t= 1
mean:
0.8740 0.0263 0.0139 0.0676 0.0183
sd:
0.0024 0.0009 0.0024 0.0026 0.0035
t= 3
mean:
0.8668 0.0210 0.0126 0.0752 0.0245
sd:
0.0128 0.0017 0.0016 0.0032 0.0062
t= 24
mean:
0.7613 0.0344 0.0604 0.0965 0.0473
sd:
0.0013 0.0017 0.0057 0.0035 0.0123
fin
name: Methionine_C1C5,0,4
t= 0.5
mean:
0.9988 0 0 0.0001 0.0005 0.0004 
sd:
0.0001 0.0001 0 0.0001 0 0.0002
t= 1
mean:
0.9942 0.0023 0 0.0008 0.0009 0.0017
sd:
0.0030 0.0033 0 0.0006 0.0002 0
t= 3
mean:
0.9954 0 0 0.0022 0.0007 0.0016
sd:
0.0002 0 0 0 0 0.0002
t= 24
mean:
0.9723 0.0032 0 0.0081 0.0087 0.0068
sd:
0.0017 0.0006 0.0001 0.0022 0 0.0002
fin
name: Serine_C1C3,0,2
t= 0.5
mean:
1 0 0 0 
sd:
0 0 0 0
t= 1
mean:
0.9998 0.0001 0 0 
sd:
0.0002 0.0002 0 0
t= 3
mean:
0.9957 0 0 0.0043
sd:
0.0009 0 0 0.0009
t= 24
mean:
0.9328 0.0136 0.0015 0.0521
sd:
0.0023 0.0006 0 0.0015
fin
name: aKglutarate,0,4
t= 0.5
mean:
0.9819 0.0095 0.0075 0.0004 0.0006 0
sd:
0.0002 0.0015 0.0024 0.0006 0.0004 0
t= 1
mean:
0.9746 0.0139 0.0100 0.0015 0 0
sd:
0.0038 0.0019 0.0032 0.0014 0 0
t= 3
mean:
0.9610 0.0290 0.0085 0.0015 0 0 
sd:
0.0042 0.0078 0.0022 0.0014 0 0
t= 24
mean:
0.8472 0.0384 0.0947 0.0113 0.0046 0.0039
sd:
0.0060 0.0016 0.0058 0.0041 0.0009 0.0036
fin
name: akgcyt,0,4
t= 0.5
mean:
0.9819 0.0095 0.0075 0.0004 0.0006 0
sd:
0.0002 0.0015 0.0024 0.0006 0.0004 0
t= 1
mean:
0.9746 0.0139 0.0100 0.0015 0 0
sd:
0.0038 0.0019 0.0032 0.0014 0 0
t= 3
mean:
0.9610 0.0290 0.0085 0.0015 0 0 
sd:
0.0042 0.0078 0.0022 0.0014 0 0
t= 24
mean:
0.8472 0.0384 0.0947 0.0113 0.0046 0.0039
sd:
0.0060 0.0016 0.0058 0.0041 0.0009 0.0036
fin
name: Threonine,0,3
t= 0.5
mean:
1 0 0 0 0 
sd:
0 0 0 0 0
t= 1
mean:
1 0 0 0 0
sd:
0 0 0 0 0 
t= 3
mean:
1 0 0 0 0
sd:
0 0 0 0 0
t= 24
mean:
1 0 0 0 0 
sd:
0 0 0 0 0
fin
name: Phenylalanine,0,8
t= 0.5
mean:
0.9781 0.0045 0.0003 0 0.0001 0.0033 0.0067 0.0014 0.0046 0.0008
sd:
0.0040 0.0023 0.0003 0 0.0001 0.0003 0.0006 0.0000 0.0013 0.0000
t= 1
mean:
0.9764 0.0022 0 0.0002 0.0008 0.0042 0.0053 0.0008 0.0083 0.0016
sd:
0.0042 0.0000 0 0.0003 0.0000 0.0012 0.0007 0.0011 0.0064 0.0004
t= 3
mean:
0.9796 0.0016 0.0003 0 0.0007 0.0046 0.0062 0.0017 0.0040 0.0010 
sd:
0.0013 0.0003 0.0000 0 0.0003 0.0003 0.0005 0.0001 0.0009 0.0002
t= 24
mean:
0.9576 0.0051 0 0.0031 0.0023 0.0088 0.0096 0.0030 0.0077 0.0020
sd:
0.0036 0.0009 0 0.0009 0.0013 0.0009 0.0002 0.0002 0.0007 0.0007
fin
name: oacit,0,3
t= 0.5
mean:
0.9941 0 0.0024 0.0035 0
sd:
0.0029 0 0.0015 0.0014 0
t= 1
mean:
0.9932 0.0010 0.0023 0.0032 0.0003
sd:
0.0004 0.0007 0.0005 0.0000 0.0001
t= 3
mean:
0.9876 0.0013 0.0068 0.0040 0.0002
sd:
0.0039 0.0018 0.0024 0.0000 0.0003
t= 24
mean:
0.8878 0.0147 0.0698 0.0259 0.0017
sd:
0.0011 0.0038 0.0060 0.0008 0.0025
fin
name: Asparta_C1C4,0,3
t= 0.5
mean:
0.9886 0.0028 0.0017 0.0048 0.0021
sd:
0.0000 0.0004 0.0002 0.0000 0.0000
t= 1
mean:
0.9742 0.0091 0.0011 0.0008 0.0148
sd:
0.0022 0.0002 0.0013 0.0003 0.0036
t= 3
mean:
0.9867 0.0016 0.0081 0.0021 0.0015
sd:
0.0008 0.0022 0.0041 0.0015 0.0004
t= 24
mean:
0.8795 0.0245 0.0715 0.0237 0.0008 
sd:
0.0068 0.0048 0.0019 0.0000 0.0001
fin
name: Asparta_C2C4,1,3
t= 0.5
mean:
0.9987 0.0005 0.0000 0.0009
sd:
0.0001 0.0007 0.0000 0.0006
t= 1
mean:
0.9850 0.0019 0.0000 0.0131
sd:
0.0014 0.0027 0.0000 0.0013
t= 3
mean:
0.9952 0 0.0027 0.0012
sd:
0.0015 0 0.0010 0.0008
t= 24
mean:
0.8960 0.0441 0.0457 0.0142
sd:
0.0007 0.0007 0.0014 0.0013
fin
name: Cysteine_C1C3,0,2
t= 0.5
mean:
0.8515 0.1423 0 0.0060
sd:
0.0545 0.0630 0 0.0085
t= 1
mean:
0.6876 0.3004 0.0068 0.0052
sd:
0.1664 0.1836 0.0097 0.0074
t= 3
mean:
0.8296 0.1623 0 0.0080
sd:
0.0202 0.0316 0 0.0114
t= 24
mean:
0.8766 0.1194 0 0.0041
sd:
0.0294 0.0328 0 0.0035
fin
name: Glutamate,0,4
t= 0.5
mean:
0.9861 0.0070 0.0069 0 0.0001 0
sd:
0.0002 0.0005 0.0008 0 0.0002 0
t= 1
mean:
0.9842 0.0082 0.0071 0.0003 0.0002 0
sd:
0.0020 0.0035 0.0011 0.0004 0.0000 0
t= 3
mean:
0.9805 0.0062 0.0129 0.0003 0 0
sd:
0.0034 0.0032 0.0006 0.0005 0 0
t= 24
mean:
0.8726 0.0203 0.0929 0.0080 0.0047 0.0014
sd:
0.0018 0.0001 0.0009 0.0003 0.0002 0.0016
fin
name: Glutamine,0,4
t= 0.5
mean:
0.9911 0.0074 0 0 0 0
sd:
0.0020 0 0 0 0 0.0020
t= 1
mean:
0.9938 0.0061 0 0 0.0001 0
sd:
0.0004 0.0002 0 0 0.0002 0
t= 3
mean:
0.9920 0.0081 0 0 0 0 
sd:
0.0022 0.0022 0 0 0 0
t= 24
mean:
0.9945 0.0025 0 0 0.0003 0.0027
sd:
0.0017 0.0019 0 0 0.0002 0.0038
fin
name: Glycine_C1C2,0,1
t= 0.5
mean:
1 0 0
sd:
0 0 0
t= 1
mean:
1 0 0
sd:
0 0 0
t= 3
mean:
0.9995 0.0004 0
sd:
0.0006 0.0006 0
t= 24
mean:
0.9832 0 0.0167
sd:
0 0 0 
fin
name: Glycine_C2,1,1
t= 0.5
mean:
1 0 
sd:
0 0 
t= 1
mean:
1 0 
sd:
0 0 
t= 3
mean:
1 0 
sd:
0 0
t= 24
mean:
0.9909 0.0091
sd:
0.0001 0.0001
fin
tracer: [U-C13]-Glucose 7 1
