time(h): 0 0.5 1 3 124 -1  
name: Pyrmit,0,2
t= 0.5
mean:
0.9412 0.0156 0.0121 0.0311
sd:
0.0270 0.0088 0.0088 0.0094
t= 1
mean:
0.9234 0.0234 0.0132 0.0400
sd:
0.0088 0.0022 0.0017 0.0050
t= 3
mean:
0.9123 0.0357 0.0125 0.0394
sd:
0.0412 0.0249 0.0012 0.0152
t= 24
mean:
0.8876 0.0568 0.0101 0.0454
sd:
0.0250 0.0135 0.0014 0.0101
fin
name: pyrcyt,0,2
t= 0.5
mean:
0.9412 0.0156 0.0121 0.0311
sd:
0.0270 0.0088 0.0088 0.0094
t= 1
mean:
0.9234 0.0234 0.0132 0.0400
sd:
0.0088 0.0022 0.0017 0.0050
t= 3
mean:
0.9123 0.0357 0.0125 0.0394
sd:
0.0412 0.0249 0.0012 0.0152
t= 24
mean:
0.8876 0.0568 0.0101 0.0454
sd:
0.0250 0.0135 0.0014 0.0101
fin
name: *laccel,0,2
t= 0.5
mean:
0.9881 0.0057 0.0058 0.0004
sd:
0.0015 0.0008 0.0022 0.0002
t= 1
mean:
0.9881 0.0046 0.0061 0.0011
sd:
0.0009 0.0002 0.0007 0.0001
t= 3
mean:
0.9824 0.0037 0.0115 0.0024
sd:
0.0069 0.0039 0.0094 0.0013
t= 24
mean:
0.9738 0.0037 0.0109 0.0115
sd:
0.0039 0.0020 0.0050 0.0007
fin
name: Lactate,0,2
t= 0.5
mean:
0.9881 0.0057 0.0058 0.0004
sd:
0.0015 0.0008 0.0022 0.0002
t= 1
mean:
0.9881 0.0046 0.0061 0.0011
sd:
0.0009 0.0002 0.0007 0.0001
t= 3
mean:
0.9824 0.0037 0.0115 0.0024
sd:
0.0069 0.0039 0.0094 0.0013
t= 24
mean:
0.9738 0.0037 0.0109 0.0115
sd:
0.0039 0.0020 0.0050 0.0007
fin
name: *PyrAl_C2C3,1,2
t= 0.5
mean:
0.8502 0.0739 0.0683
sd:
0.0298 0.0233 0.0070
t= 1
mean:
0.8494 0.0459 0.1027
sd:
0.0079 0.0105 0.0053
t= 3
mean:
0.8143 0.1102 0.0694
sd:
0.0966 0.1104 0.0193
t= 24
mean:
0.8973 0.0518 0.0509
sd:
0.0523 0.0604 0.0123
fin
name: Citrate,0,5
t= 0.5
mean:
0.5551 0.0301 0.0285 0.0485 0.2458 0.0534 0.0386
sd:
0.0540 0.0009 0.0149 0.0008 0.0325 0.0092 0.0025
t= 1
mean:
0.4973 0.0238 0.0350 0.0599 0.2697 0.0615 0.0528
sd:
0.0943 0.0117 0.0012 0.0133 0.0448 0.0123 0.0111
t= 3
mean:
0.4471 0.0375 0.0530 0.0692 0.3198 0.0506 0.0229
sd:
0.1792 0.0312 0.0184 0.0202 0.0893 0.0187 0.0015
t= 24
mean:
0.3025 0.0656 0.1301 0.0809 0.3813 0.0357 0.0038
sd:
0.1368 0.0214 0.0098 0.0167 0.0671 0.0155 0.0063
fin
name: citcyt,0,5
t= 0.5
mean:
0.5551 0.0301 0.0285 0.0485 0.2458 0.0534 0.0386
sd:
0.0540 0.02 0.02 0.02 0.0325 0.02 0.025
t= 1
mean:
0.4973 0.0238 0.0350 0.0599 0.2697 0.0615 0.0528
sd:
0.0943 0.02 0.02 0.033 0.0448 0.023 0.03
t= 3
mean:
0.4471 0.0375 0.0530 0.0692 0.3198 0.0506 0.0229
sd:
0.1792 0.0312 0.02 0.0202 0.0893 0.087 0.05
t= 24
mean:
0.3025 0.0656 0.1301 0.0809 0.3813 0.0357 0.0038
sd:
0.1368 0.0214 0.02 0.02 0.0671 0.02 0.02
fin
name: Valine,1,4
t= 0.5
mean:
0.9905 0.0026 0.0032 0.0027 0.0001
sd:
0.0038 0.0029 0.0006 0.0000 0.0000
t= 1
mean:
0.9914 0.0028 0.0017 0.0029 0.0001
sd:
0.0010 0.0004 0.0013 0.0003 0.0000
t= 3
mean:
0.9796 0.0060 0.0064 0.0050 0.0006
sd:
0.0144 0.0043 0.0043 0.0034 0.0007
t= 24
mean:
0.9564 0.0153 0.0079 0.0151 0.0010
sd:
0.0077 0.0023 0.0028 0.0018 0.0004
fin
name: Leucine,1,4
t= 0.5
mean:
0.9919 0.0073 0.0000 0.0008 0.0000
sd:
0.0001 0.0005 0.0000 0.0006 0.0000
t= 1
mean:
0.9918 0.0072 0.0000 0.0007 0.0001
sd:
0.0004 0.0007 0.0000 0.0000 0.0001
t= 3
mean:
0.9830 0.0041 0.0004 0.0105 0.0010
sd:
0.0133 0.0030 0.0001 0.0143 0.0011
t= 24
mean:
0.9864 0.0044 0.0004 0.0060 0.0001
sd:
0.0069 0.0018 0.0000 0.0071 0.0006
fin
name: Isoleucine,0,4
t= 0.5
mean:
0.9942 0.0044 0.0006 0.0006 0.0001 0.0002
sd:
0.0006 0.0009 0.0006 0.0001 0.0001 0.0001
t= 1
mean:
0.9944 0.0041 0.0007 0.0005 0.0000 0.0003
sd:
0.0002 0.0008 0.0006 0.0000 0.0000 0.0000
t= 3
mean:
0.9939 0.0031 0.0006 0.0020 0.0002 0.0002
sd:
0.0013 0.0015 0.0009 0.0014 0.0003 0.0002
t= 24
mean:
0.9896 0.0050 0.0000 0.0033 0.0001 0.0015
sd:
0.0007 0.0011 0.0007 0.0007 0.0001 0.0001
fin
name: MalFum,0,3
t= 0.5
mean:
0.2959 0.0052 0.0274 0.1606 0.5109
sd:
0.0173 0.0074 0.0017 0.0096 0.0014
t= 1
mean:
0.2517 0.0022 0.0374 0.1748 0.5338
sd:
0.0122 0.0032 0.0021 0.0033 0.0101
t= 3
mean:
0.2018 0.0045 0.0639 0.1580 0.5719
sd:
0.0239 0.0053 0.0053 0.0151 0.0194
t= 24
mean:
0.1822 0.0472 0.1302 0.1279 0.5125
sd:
0.0180 0.0042 0.0037 0.0092 0.0148
fin
name: succinate,0,3
t= 0.5
mean:
0.2959 0.0052 0.0274 0.1606 0.5109
sd:
0.0173 0.0074 0.0017 0.0096 0.0014
t= 1
mean:
0.2517 0.0022 0.0374 0.1748 0.5338
sd:
0.0122 0.0032 0.0021 0.0033 0.0101
t= 3
mean:
0.2018 0.0045 0.0639 0.1580 0.5719
sd:
0.0239 0.0053 0.0053 0.0151 0.0194
t= 24
mean:
0.1822 0.0472 0.1302 0.1279 0.5125
sd:
0.0180 0.0042 0.0037 0.0092 0.0148
fin
name: Methionine_C1C5,0,4
t= 0.5
mean:
0.9990 0.0000 0.0000 0.0005 0.0000 0.0005
sd:
0.0015 0.0000 0.0000 0.0007 0.0000 0.0007
t= 1
mean:
0.9952 0.0008 0.0000 0.0012 0.0007 0.0020
sd:
0.0003 0.0004 0.0000 0.0002 0.0009 0.0006
t= 3
mean:
0.9826 0.0015 0.0000 0.0088 0.0018 0.0053
sd:
0.0166 0.0002 0.0000 0.0095 0.0022 0.0047
t= 24
mean:
0.9775 0.0000 0.0000 0.0117 0.0014 0.0094
sd:
0.0084 0.0003 0.0000 0.0049 0.0015 0.0026
fin
name: Serine_C1C3,0,2
t= 0.5
mean:
1 0 0 0 
sd:
0 0 0 0
t= 1
mean:
1 0 0 0 
sd:
0 0 0 0
t= 3
mean:
1 0 0 0 
sd:
0 0 0 0
t= 24
mean:
1 0 0 0 
sd:
0 0 0 0
fin
name: aKglutarate,0,4
t= 0.5
mean:
0.1104 0.0000 0.0000 0.0000 0.0000 0.8896
sd:
0.0001 0.0000 0.0000 0.0000 0.0000 0.0001
t= 1
mean:
0.0833 0.0000 0.0000 0.0038 0.0000 0.9129
sd:
0.0020 0.0000 0.0000 0.0054 0.0000 0.0033
t= 3
mean:
0.1129 0.0384 0.0052 0.0429 0.0000 0.8005
sd:
0.0894 0.0497 0.0074 0.0061 0.0000 0.1526
t= 24
mean:
0.0770 0.0901 0.0302 0.1834 0.0000 0.6193
sd:
0.0457 0.0249 0.0037 0.0057 0.0000 0.0780
fin
name: akgcyt,0,4
t= 0.5
mean:
0.1104 0.0000 0.0000 0.0000 0.0000 0.8896
sd:
0.0001 0.0000 0.0000 0.0000 0.0000 0.0001
t= 1
mean:
0.0833 0.0000 0.0000 0.0038 0.0000 0.9129
sd:
0.0020 0.0000 0.0000 0.0054 0.0000 0.0033
t= 3
mean:
0.1129 0.0384 0.0052 0.0429 0.0000 0.8005
sd:
0.0894 0.0497 0.0074 0.0061 0.0000 0.1526
t= 24
mean:
0.0770 0.0901 0.0302 0.1834 0.0000 0.6193
sd:
0.0457 0.0249 0.0037 0.0057 0.0000 0.0780
fin
name: Threonine,0,3
t= 0.5
mean:
1 0 0 0 0 
sd:
0 0 0 0 0
t= 1
mean:
1 0 0 0 0
sd:
0 0 0 0 0 
t= 3
mean:
1 0 0 0 0
sd:
0 0 0 0 0
t= 24
mean:
1 0 0 0 0 
sd:
0 0 0 0 0
fin
name: Phenylalanine,0,8
t= 0.5
mean:
0.9916 0.0005 0.0000 0.0001 0.0003 0.0022 0.0018 0.0010 0.0016 0.0009
sd:
0.0019 0.0007 0.0000 0.0002 0.0002 0.0005 0.0002 0.0000 0.0002 0.0002
t= 1
mean:
0.9895 0.0008 0.0002 0.0006 0.0006 0.0026 0.0018 0.0011 0.0015 0.0012
sd:
0.0011 0.0012 0.0003 0.0003 0.0000 0.0001 0.0003 0.0003 0.0001 0.0001
t= 3
mean:
0.9790 0.0034 0.0016 0.0010 0.0012 0.0054 0.0025 0.0019 0.0017 0.0022
sd:
0.0149 0.0023 0.0023 0.0006 0.0011 0.0043 0.0007 0.0013 0.0011 0.0013
t= 24
mean:
0.9664 0.0061 0.0000 0.0030 0.0011 0.0086 0.0021 0.0043 0.0032 0.0052
sd:
0.0080 0.0017 0.0013 0.0004 0.0006 0.0022 0.0005 0.0008 0.0006 0.0007
fin
name: oacyt,0,3
t= 0.5
mean:
0.1761 0.0000 0.0126 0.1161 0.6951
sd:
0.020 0.02 0.02 0.02 0.022
t= 1
mean:
0.1100 0.0000 0.0277 0.1397 0.7226
sd:
0.023 0.02 0.02 0.028 0.02
t= 3
mean:
0.0425 0.0000 0.0585 0.1436 0.7554
sd:
0.002 0.02 0.02 0.02 0.02
t= 24
mean:
0.1346 0.0523 0.1754 0.0690 0.5687
sd:
0.02 0.02 0.02 0.02 0.02
fin
name: Asparta_C1C4,0,3
t= 0.5
mean:
0.2563 0.0000 0.0133 0.1100 0.6204
sd:
0.0209 0.0000 0.0007 0.0104 0.0098
t= 1
mean:
0.1970 0.0000 0.0244 0.1374 0.6411
sd:
0.0146 0.0000 0.0081 0.0062 0.0127
t= 3
mean:
0.1020 0.0000 0.0595 0.1352 0.7033
sd:
0.0249 0.0000 0.0030 0.0020 0.0260
t= 24
mean:
0.1350 0.0554 0.1781 0.0708 0.5608
sd:
0.0198 0.0000 0.0056 0.0041 0.0193
fin
name: Asparta_C2C4,1,3
t= 0.5
mean:
0.2766 0.0162 0.0754 0.6318
sd:
0.0182 0.0031 0.0031 0.0183
t= 1
mean:
0.2169 0.0217 0.0986 0.6628
sd:
0.0031 0.0026 0.0015 0.0043
t= 3
mean:
0.1241 0.0383 0.1135 0.7241
sd:
0.0030 0.0021 0.0025 0.0077
t= 24
mean:
0.1645 0.1359 0.1300 0.5697
sd:
0.0030 0.0024 0.0020 0.0060
fin
name: Cysteine_C1C3,0,2
t= 0.5
mean:
0.8321 0.1626 0.0000 0.0052
sd:
0.0844 0.0770 0.0000 0.0074
t= 1
mean:
0.8004 0.1805 0.0000 0.0191
sd:
0.0059 0.0083 0.0000 0.0024
t= 3
mean:
0.8320 0.1680 0.0000 0.0001
sd:
0.1160 0.1160 0.0000 0.0001
t= 24
mean:
0.8663 0.1294 0.0000 0.0043
sd:
0.0609 0.0622 0.0000 0.0012
fin
name: Glutamate,0,4
t= 0.5
mean:
0.0279 0.0000 0.0000 0.0000 0.0000 0.9721
sd:
0.0137 0.0000 0.0000 0.0000 0.0000 0.0137
t= 1
mean:
0.0000 0.0000 0.0000 0.0000 0.0000 1.0000
sd:
0.0000 0.0000 0.0000 0.0000 0.0000 0.0000
t= 3
mean:
0.0000 0.0000 0.0000 0.0000 0.0000 1.0000
sd:
0.0000 0.0000 0.0000 0.0000 0.0000 0.0000
t= 24
mean:
0.0307 0.0205 0.0233 0.1853 0.0000 0.7403
sd:
0.0000 0.0000 0.0000 0.0000 0.0000 0.0000
fin
name: Glutamine,0,4
t= 0.5
mean:
0.0000 0.0000 0.0000 0.0000 0.0000 1.0000
sd:
0.0000 0.0000 0.0000 0.0000 0.0000 0.0000
t= 1
mean:
0.0000 0.0000 0.0000 0.0000 0.0000 1.0000
sd:
0.0000 0.0000 0.0000 0.0000 0.0000 0.0000
t= 3
mean:
0.0000 0.0000 0.0000 0.0000 0.0000 1.0000
sd:
0.0000 0.0000 0.0000 0.0000 0.0000 0.0000
t= 24
mean:
0.0000 0.0000 0.0000 0.0000 0.0000 1.0000
sd:
0.0000 0.0000 0.0000 0.0000 0.0000 0.0000
fin
name: Glycine_C1C2,0,1
t= 0.5
mean:
1 0 0
sd:
0 0 0
t= 1
mean:
1 0 0
sd:
0 0 0
t= 3
mean:
1 0 0
sd:
0 0 0
t= 24
mean:
0.9952 0.0048 0.0000
sd:
0 0 0 
fin
name: Glycine_C2,1,1
t= 0.5
mean:
1 0 
sd:
0 0 
t= 1
mean:
1 0 
sd:
0 0 
t= 3
mean:
1 0 
sd:
0 0
t= 24
mean:
1 0
sd:
0 0
fin
tracer: [U-C13]-Glutamine 31 1
