time(h): 0 0.5 1 3 24 -1  
name: *Pyrmit,0,2
t= 0.5
mean:
0.6089 0.0080 0 0.3831
sd:
0.0790 0.0002 0 0.0792
t= 1
mean:
0.5640 0.0084 0 0.4276
sd:
0.0436 0.0028 0 0.0408
t= 3
mean:
0.4932 0.0003 0 0.5039
sd:
0.1027 0.0041 0 0.1068
t= 24
mean:
0.4796 0 0 0.5204
sd:
0.0286 0 0 0.0286
fin
name: pyrcyt,0,2
t= 0.5
mean:
0.6089 0.0080 0 0.3831
sd:
0.0790 0.0002 0 0.0792
t= 1
mean:
0.5640 0.0084 0 0.4276
sd:
0.0436 0.0028 0 0.0408
t= 3
mean:
0.4932 0.0003 0 0.5039
sd:
0.1027 0.0041 0 0.1068
t= 24
mean:
0.4796 0 0 0.5204
sd:
0.0286 0 0 0.0286
fin
name: *laccel,0,2
t= 0.5
mean:
0 0 0 1
sd:
0 0 0 0
t= 1
mean:
0 0 0 1
sd:
0 0 0 0
t= 3
mean:
0.04293 0 0 0.9571
sd:
0.05261 0 0 0.0526
t= 24
mean:
0.2813 0 0 0.7187
sd:
0.0267 0 0 0.0267
fin
name: Lactate,0,2
t= 0.5
mean:
0 0 0 1
sd:
0 0 0 0
t= 1
mean:
0 0 0 1
sd:
0 0 0 0
t= 3
mean:
0.04293 0 0 0.9571
sd:
0.05261 0 0 0.0526
t= 24
mean:
0.2813 0 0 0.7187
sd:
0.0267 0 0 0.0267
fin
name: PyrAl_C2C3,1,2
t= 0.5
mean:
0.6548 0.0488 0.2975
sd:
0.0104 0.0108 0.0212
t= 1
mean:
0.5632 0.0463 0.3905
sd:
0.0145 0.0028 0.0117
t= 3
mean:
0.4896 0.0399 0.4705
sd:
0.0250 0.0032 0.0218
t= 24
mean:
0.3339 0.0062 0.6599
sd:
0.0052 0.0035 0.0017
fin
name: Citrate,0,5
t= 0.5
mean:
0.6689 0.0187 0.2878 0.0122 0.0101 0.0024 0.0000
sd:
0.0411 0.0095 0.0286 0.0010 0.0002 0.0021 0.0000
t= 1
mean:
0.6351 0.0230 0.3153 0.0063 0.0169 0.0034 0.0000
sd:
0.0752 0.0102 0.0885 0.0037 0.0069 0.0001 0.0000
t= 3
mean:
0.6056 0.0335 0.3050 0.0123 0.0369 0.0051 0.0015
sd:
0.0990 0.0028 0.0671 0.0174 0.0090 0.0006 0.0021
t= 24
mean:
0.3655 0.0223 0.4288 0.0406 0.0953 0.0449 0.0027
sd:
0.0317 0.0015 0.0154 0.0039 0.0058 0.0029 0.0024
fin
name: citcyt,0,5
t= 0.5
mean:
0.6689 0.0187 0.2878 0.0122 0.0101 0.0024 0.0000
sd:
0.0411 0.0095 0.0286 0.0010 0.0002 0.0021 0.0000
t= 1
mean:
0.6351 0.0230 0.3153 0.0063 0.0169 0.0034 0.0000
sd:
0.0752 0.0102 0.0885 0.0037 0.0069 0.0001 0.0000
t= 3
mean:
0.6056 0.0335 0.3050 0.0123 0.0369 0.0051 0.0015
sd:
0.0990 0.0028 0.0671 0.0174 0.0090 0.0006 0.0021
t= 24
mean:
0.3655 0.0223 0.4288 0.0406 0.0953 0.0449 0.0027
sd:
0.0317 0.0015 0.0154 0.0039 0.0058 0.0029 0.0024
fin
name: Valine,1,4
t= 0.5
mean:
0.9913 0.0024 0.0019 0.0003 0.0003
sd:
0.0002 0.0010 0.0000 0.0004 0.0002
t= 1
mean:
0.9906 0.0025 0.0029 0.0028 0.0000
sd:
0.0003 0.0003 0.0000 0.0001 0.0001
t= 3
mean:
0.9873 0.0033 0.0045 0.0036 0.0000
sd:
0.0033 0.0015 0.0011 0.0009 0.0001
t= 24
mean:
0.9841 0.0025 0.0058 0.0054 0.0002
sd:
0.0022 0.0000 0.0023 0.0006 0.0003
fin
name: Leucine,1,4
t= 0.5
mean:
0.9932 0.0061 0 0.0006 0
sd:
0.0004 0.0002 0 0 0
t= 1
mean:
0.9912 0.0076 0.0002 0.0007 0
sd:
0.0003 0.0001 0.0003 0 0.0001
t= 3
mean:
0.9936 0.0051 0 0.0011 0
sd:
0.0007 0.0004 0 0.0004 0
t= 24
mean:
0.9910 0.0045 0.0006 0.0035 0.0002
sd:
0.0007 0.0017 0.0009 0.0015 0.0003
fin
name: Isoleucine,0,4
t= 0.5
mean:
0.9965 0.0026 0.0000 0.0005 0.0001 0.0001
sd:
0.0003 0.0003 0.0001 0.0003 0.0000 0.0001
t= 1
mean:
0.9948 0.0040 0.0002 0.0008 0.0002 0.0002
sd:
0.0000 0.0002 0.0002 0.0003 0.0000 0.0000
t= 3
mean:
0.9954 0.0027 0.0005 0.0011 0 0.0002
sd:
0.0016 0.0022 0.0007 0.0001 0 0.0002
t= 24
mean:
0.9936 0.0035 0.0007 0.0016 0.0001 0.0004
sd:
0.0003 0.0024 0.0003 0.0002 0.0001 0.0001
fin
name: MalFum,0,3
t= 0.5
mean:
0.8593 0.0036 0.0322 0.0605 0.0116
sd:
0.0101 0.0005 0.0018 0.0044 0.0023
t= 1
mean:
0.8273 0.0271 0.0398 0.0706 0.0351
sd:
0.0034 0.0024 0.0078 0.0052 0.0032
t= 3
mean:
0.7989 0.0185 0.0591 0.0848 0.0389
sd:
0.0121 0.0026 0.0012 0.0014 0.0121
t= 24
mean:
0.7022 0.0367 0.1308 0.1073 0.0230
sd:
0.0019 0.0100 0.0037 0.0100 0.0019
fin
name: Methionine_C1C5,0,4
t= 0.5
mean:
0.9991 0 0 0.0002 0 0.0006
sd:
0.0013 0 0 0.0003 0 0.0009
t= 1
mean:
0.9942 0.0020 0 0.0013 0.0001 0.0023
sd:
0.0036 0.0011 0 0.0014 0.0002 0.0003
t= 3
mean:
0.9923 0.0016 0 0.0026 0.0004 0.0029
sd:
0.0001 0.0011 0 0.0014 0.0002 0.0003
t= 24
mean:
0.9934 0.0001 0 0.0034 0.0002 0.0028
sd:
0.0019 0.0002 0 0.0010 0.0003 0.0008
fin
name: Serine_C1C3,0,2
t= 0.5
mean:
1 0 0 0 
sd:
0 0 0 0
t= 1
mean:
1 0 0 0 
sd:
0 0 0 0
t= 3
mean:
1 0 0 0
sd:
0 0 0 0
t= 24
mean:
1 0 0 0
sd:
0 0 0 0
fin
name: aKglutarate,0,4
t= 0.5
mean:
0.9407 0.0131 0.0444 0.0010 0.0009 0
sd:
0.0016 0.0028 0.0028 0.0014 0.0002 0
t= 1
mean:
0.9156 0.0183 0.0623 0.0023 0.0011 0.0006
sd:
0.0044 0.0017 0.0061 0.0008 0.0015 0.0008
t= 3
mean:
0.8754 0.0267 0.0862 0.0065 0.0046 0.0005
sd:
0.0093 0.0068 0.0065 0.0021 0.0015 0.0005
t= 24
mean:
0.7163 0.0335 0.1826 0.0277 0.0311 0.0088
sd:
0.0016 0.0094 0.0020 0.0030 0.0018 0.0010
fin
name: akgcyt,0,4
t= 0.5
mean:
0.9407 0.0131 0.0444 0.0010 0.0009 0
sd:
0.0016 0.0028 0.0028 0.0014 0.0002 0
t= 1
mean:
0.9156 0.0183 0.0623 0.0023 0.0011 0.0006
sd:
0.0044 0.0017 0.0061 0.0008 0.0015 0.0008
t= 3
mean:
0.8754 0.0267 0.0862 0.0065 0.0046 0.0005
sd:
0.0093 0.0068 0.0065 0.0021 0.0015 0.0005
t= 24
mean:
0.7163 0.0335 0.1826 0.0277 0.0311 0.0088
sd:
0.0016 0.0094 0.0020 0.0030 0.0018 0.0010
fin
name: Threonine,0,3
t= 0.5
mean:
1 0 0 0 0 
sd:
0 0 0 0 0
t= 1
mean:
1 0 0 0 0
sd:
0 0 0 0 0 
t= 3
mean:
1 0 0 0 0
sd:
0 0 0 0 0
t= 24
mean:
1 0 0 0 0 
sd:
0 0 0 0 0
fin
name: Phenylalanine,0,8
t= 0.5
mean:
0.9793 0.0029 0.0005 0.0004 0.0001 0.0034 0.0059 0.0014	0.0048 0.0012
sd:
0.0022 0.0010 0.0001 0.0006 0.0001 0.0004 0.0000 0.0001	0.0008 0.0003
t= 1
mean:
0.9821 0.0000 0.0007 0.0004 0.0003 0.0051 0.0054 0.0017 0.0029 0.0013
sd:
0.0015 0.0000 0.0010 0.0004 0.0002 0.0000 0.0003 0.0002 0.0002 0.0003
t= 3
mean:
0.9775 0.0019 0.0004 0.0005 0.0009 0.0064 0.0057 0.0020 0.0033 0.0014
sd:
0.0033 0.0018 0.0003 0.0003 0.0007 0.0000 0.0007 0.0001 0.0002 0.0002
t= 24
mean:
0.9638 0.0008 0.0008 0.0006 0.0019 0.0054 0.0088 0.0020 0.0130 0.0028
sd:
0.0046 0.0011 0.0012 0.0001 0.0006 0.0007 0.0009 0.0000 0.0018 0.0005
fin
name: oacyt,0,3
t= 0.5
mean:
0.9505 0.0069 0.0342 0.0084 0.0000
sd:
0.0113 0.0097 0.0056 0.0041 0.0000
t= 1
mean:
0.9398 0.0026 0.0470 0.0104 0.0001
sd:
0.0008 0.0037 0.0029 0.0018 0.0002
t= 3
mean:
0.9036 0.0165 0.0650 0.0150 0.0000
sd:
0.0017 0.0042 0.0039 0.0020 0.0000
t= 24
mean:
0.7366 0.0293 0.1507 0.0738 0.0096
sd:
0.0054 0.0009 0.0004 0.0047 0.0020
fin
name: Asparta_C1C4,0,3
t= 0.5
mean:
0.9448 0.0092 0.0347 0.0092 0.0021
sd:
0.0045 0.0015 0.0034 0.0001 0.0006
t= 1
mean:
0.9285 0.0117 0.0468 0.0127 0.0003
sd:
0.0014 0.0035 0.0028 0.0012 0.0005
t= 3
mean:
0.9112 0.0060 0.0654 0.0172 0.0003
sd:
0.0002 0.0008 0.0036 0.0022 0.0004
t= 24
mean:
0.7385 0.0266 0.1529 0.0730 0.0089
sd:
0.0050 0.0010 0.0044 0.0017 0.0002
fin
name: Asparta_C2C4,1,3
t= 0.5
mean:
0.9624 0.0102 0.0199 0.0073
sd:
0.0010 0.0049 0.0033 0.0003
t= 1
mean:
0.9433 0.0244 0.0230 0.0092
sd:
0.0108 0.0059 0.0075 0.0026
t= 3
mean:
0.9178 0.0343 0.0404 0.0075
sd:
0.0075 0.0099 0.0027 0.0003
t= 24
mean:
0.7480 0.0912 0.1213 0.0395
sd:
0.0010 0.0061 0.0075 0.0005
fin
name: Cysteine_C1C3,0,2
t= 0.5
mean:
0.8200 0.1683 0.0000 0.0117
sd:
0.1048 0.0909 0.0000 0.0139
t= 1
mean:
0.8551 0.1381 0.0000 0.0068
sd:
0.0268 0.0172 0.0000 0.0096
t= 3
mean:
0.8547 0.1351 0.0000 0.0102
sd:
0.0174 0.0145 0.0000 0.0029
t= 24
mean:
0.8018 0.1800 0.0000 0.0182
sd:
0.0056 0.0128 0.0000 0.0072
fin
name: Glutamate,0,4
t= 0.5
mean:
0.9446 0.0077 0.0460 0.0006 0.0011 0.0000
sd:
0.0033 0.0019 0.0013 0.0001 0.0002 0.0001
t= 1
mean:
0.9282 0.0072 0.0604 0.0020 0.0022 0.0000
sd:
0.0006 0.0003 0.0002 0.0000 0.0000 0.0000
t= 3
mean:
0.8974 0.0064 0.0851 0.0054 0.0054 0.0002
sd:
0.0033 0.0005 0.0027 0.0000 0.0004 0.0003
t= 24
mean:
0.7333 0.0167 0.1819 0.0290 0.0310 0.0082
sd:
0.0082 0.0023 0.0029 0.0005 0.0020 0.0004
fin
name: Glutamine,0,4
t= 0.5
mean:
0.9933 0.0066 0.0000 0.0000 0.0000 0.0001
sd:
0.0024 0.0025 0.0000 0.0000 0.0000 0.0001
t= 1
mean:
0.9934 0.0065 0.0000 0.0000 0.0000 0.0001
sd:
0.0007 0.0008 0.0000 0.0000 0.0000 0.0001
t= 3
mean:
0.9952 0.0048 0.0000 0.0000 0.0000 0.0000
sd:
0.0012 0.0012 0.0000 0.0000 0.0000 0.0000
t= 24
mean:
0.9927 0.0068 0.0001 0.0000 0.0004 0.0000
sd:
0.0011 0.0008 0.0001 0.0000 0.0002 0.0000
fin
name: Glycine_C1C2,0,1
t= 0.5
mean:
1 0 0
sd:
0 0 0
t= 1
mean:
1 0 0
sd:
0 0 0
t= 3
mean:
1 0 0
sd:
0 0 0
t= 24
mean:
1 0 0
sd:
0 0 0 
fin
name: Glycine_C2,1,1
t= 0.5
mean:
1 0 
sd:
0 0 
t= 1
mean:
1 0 
sd:
0 0 
t= 3
mean:
1 0 
sd:
0 0
t= 24
mean:
1 0
sd:
0 0
fin
tracer: [U-C13]-Lactate 7 1
