time Gluc Glutamin Lac 
    0    15.4     1.9    12.1
    3 15.3947 1.89991    12.1
    6 15.3894 1.89983    12.1
    9 15.3841 1.89974    12.1
   12 15.3788 1.89966    12.1
   15 15.3735 1.89957    12.1
   18 15.3681 1.89949    12.1
   21 15.3628  1.8994    12.1
   24 15.3575 1.89932 12.0999
   27 15.3522 1.89923 12.0999
   30 15.3469 1.89915 12.0999
   33 15.3416 1.89906 12.0999
   36 15.3363 1.89898 12.0999
   39  15.331 1.89889 12.0999
   42 15.3257 1.89881 12.0999
   45 15.3204 1.89872 12.0999
   48  15.315 1.89864 12.0999
   51 15.3097 1.89855 12.0999
   54 15.3044 1.89847 12.0999
   57 15.2991 1.89838 12.0999
   60 15.2938  1.8983 12.0999
   72 15.2726 1.89796 12.0998
   84 15.2513 1.89762 12.0998
   96 15.2301 1.89728 12.0998
  108 15.2088 1.89694 12.0998
  120 15.1876 1.89661 12.0997
  132 15.1664 1.89627 12.0997
  144 15.1451 1.89593 12.0997
  156 15.1239  1.8956 12.0996
  168 15.1026 1.89526 12.0996
  180 15.0814 1.89493 12.0996
  306 14.8584 1.89145 12.0993
  432 14.6354 1.88802  12.099
  558 14.4123 1.88465 12.0987
  684 14.1893 1.88134 12.0984
  810 13.9663 1.87808 12.0981
  936 13.7433 1.87488 12.0978
 1062 13.5203 1.87173 12.0975
 1188 13.2972 1.86863 12.0973
 1314 13.0742 1.86558  12.097
 1440 12.8512 1.86259 12.0967

