time Pyr pyr lacc Lac Cit Mal aKg akgc oac Glutamin 
    0       1       1       1       1       1       1       1       1       1       1       1
    3  0.9728  0.9728 4.784e-32  0.9944       1  0.9979  0.9993  0.9982       1       1       1
    6  0.9717  0.9717 4.056e-64  0.9888       1  0.9882  0.9981  0.9909       1       1       1
    9  0.9702  0.9703 3.404e-96  0.9834       1  0.9782  0.9965  0.9847       1       1       1
   12  0.9682  0.9685 3.017e-128  0.9781       1  0.9733  0.9944  0.9816       1       1       1
   15  0.9658  0.9663 2.469e-160  0.9729       1  0.9695   0.992   0.979       1       1       1
   18  0.9631  0.9638 2.211e-192  0.9679       1  0.9654  0.9891  0.9762       1       1       1
   21  0.9602  0.9611 1.851e-224   0.963       1  0.9609  0.9857   0.973       1       1       1
   24   0.957  0.9581 1.492e-256  0.9582       1  0.9558  0.9817  0.9695       1       1       1
   27  0.9536   0.955 1.346e-288  0.9535       1  0.9502  0.9774  0.9657       1       1       1
   30  0.9501  0.9518 1.031e-320   0.949       1  0.9442  0.9728  0.9616       1       1       1
   33  0.9464  0.9484       0  0.9445       1   0.938  0.9679  0.9573       1       1       1
   36  0.9427   0.945       0  0.9402       1  0.9316   0.963  0.9529       1  0.9999       1
   39  0.9389  0.9416       0  0.9359       1  0.9252  0.9582  0.9486       1  0.9999       1
   42   0.935  0.9381       0  0.9318       1  0.9189  0.9535  0.9443       1  0.9999       1
   45  0.9312  0.9347       0  0.9277       1  0.9127   0.949  0.9401       1  0.9999       1
   48  0.9274  0.9313       0  0.9237       1  0.9066  0.9446   0.936       1  0.9998       1
   51  0.9236   0.928       0  0.9198       1  0.9008  0.9404   0.932       1  0.9998       1
   54  0.9198  0.9246       0   0.916       1  0.8951  0.9364  0.9281       1  0.9998       1
   57  0.9161  0.9214       0  0.9123       1  0.8895  0.9325  0.9243       1  0.9998       1
   60  0.9124  0.9182       0  0.9087       1  0.8841  0.9287  0.9207       1  0.9997       1
   72  0.8982   0.906       0  0.8949       1  0.8639  0.9147  0.9069       1  0.9995       1
   84  0.8847  0.8946       0  0.8822       1  0.8454  0.9019  0.8944       1  0.9993       1
   96   0.872  0.8842       0  0.8704       1  0.8284  0.8899  0.8829       1   0.999       1
  108  0.8601  0.8745       0  0.8595       1  0.8127  0.8787  0.8722       1  0.9986       1
  120  0.8489  0.8654       0  0.8494       1  0.7981  0.8682  0.8623       1   0.998       1
  132  0.8383   0.857       0  0.8399       1  0.7845  0.8582  0.8531       1  0.9974       1
  144  0.8282  0.8491       0  0.8311       1  0.7718  0.8487  0.8445       1  0.9965       1
  156  0.8187  0.8417       0  0.8228       1  0.7598  0.8396  0.8364       1  0.9953       1
  168  0.8096  0.8347       0  0.8151       1  0.7484  0.8308  0.8286       1  0.9937       1
  180  0.8009  0.8279       0  0.8078       1  0.7375  0.8222  0.8213       1  0.9914       1
  756   0.631  0.6986       0  0.6712       1  0.5567  0.6705  0.6973       1  0.7425       1
 1332  0.6078  0.6798       0  0.6388       1   0.535  0.6512  0.6818       1   0.726       1
 1908  0.6013  0.6741       0  0.6255       1  0.5285  0.6455   0.677       1  0.7211       1
 2484  0.5984  0.6713       0  0.6188       1  0.5255  0.6429  0.6746       1  0.7188       1
 3060  0.5967  0.6696       0   0.615       1  0.5236  0.6413  0.6731       1  0.7174       1
 3636  0.5955  0.6685       0  0.6127       1  0.5224  0.6403  0.6721       1  0.7165       1
 4212  0.5948  0.6676       0  0.6112       1  0.5215  0.6395  0.6714       1  0.7159       1
 4788  0.5942   0.667       0  0.6103       1  0.5208   0.639  0.6709       1  0.7154       1
 5364  0.5937  0.6665       0  0.6096       1  0.5203  0.6385  0.6705       1   0.715       1
 5940  0.5934  0.6661       0  0.6092       1  0.5199  0.6382  0.6701       1  0.7147       1

