t nh6 nfbp nt3 npep npyr npyrm ncoa noa noac ncit ncitc nakg nakgc nfum nmal np5 ne4 ns7 atp nad 
0 0.100876 1.417 0.20659 0.0331203 0.129963 0.0233214 0.0621227 0.174147 0.00711796 1.6688 0.0566272 0.200136 0.0119434 0.419397 0.0718893 0.000722222 0.027148 0.0420493 0.519602 0.888816 
1480 0.129758 1.48967 0.156856 0.0219655 0.0513768 0.0418406 0.00200653 0.262557 0.00462453 0.151815 1.1979 0.0314497 0.751845 0.668081 0.48687 0.0128576 0.0270194 0.0421297 0.427632 0.711518 
2960 0.131949 1.56579 0.156239 0.0226618 0.0558652 0.0499749 0.00191998 0.473385 0.00450189 0.0421518 0.979684 0.0296859 1.40569 0.661061 0.6766 0.0138151 0.0268857 0.0422262 0.450454 0.744191 
4440 0.133467 1.59095 0.155841 0.0229923 0.0584709 0.0536776 0.0018749 0.709107 0.00424352 0.0423863 0.735774 0.0295847 2.00063 0.664936 0.774251 0.0140484 0.0267588 0.0423165 0.466423 0.761338 
5920 0.134415 1.59237 0.155447 0.0231894 0.0602602 0.0558631 0.00185116 0.957098 0.00397379 0.0427409 0.560607 0.0295328 2.55418 0.671273 0.833119 0.0141263 0.0266368 0.0424018 0.477236 0.772559 
7400 0.135012 1.58046 0.155052 0.0233106 0.0615463 0.0572512 0.00183637 1.21449 0.00373608 0.0429038 0.44239 0.0295053 3.0793 0.67634 0.869025 0.0141615 0.0265187 0.0424829 0.485021 0.780296 
8880 0.135346 1.56126 0.154662 0.0233833 0.0624545 0.0581527 0.001826 1.47789 0.00355402 0.0429806 0.367333 0.0294917 3.58572 0.679844 0.891019 0.0141802 0.0264038 0.0425607 0.490521 0.785647 
10360 0.135485 1.53841 0.154279 0.0234244 0.0630874 0.0587526 0.00181823 1.74436 0.00343005 0.0430236 0.322151 0.0294849 4.08041 0.682181 0.905013 0.0141896 0.0262916 0.0426355 0.494266 0.789335 
11840 0.135489 1.51409 0.153908 0.0234445 0.063534 0.0591667 0.00181216 2.0119 0.00335274 0.0430555 0.296036 0.0294813 4.568 0.683763 0.914722 0.0141931 0.0261817 0.0427078 0.496734 0.791865 
13320 0.135406 1.48961 0.15355 0.0234514 0.0638403 0.0594665 0.00180734 2.27935 0.00330738 0.0430842 0.281362 0.0294791 5.05136 0.684889 0.922285 0.0141926 0.0260739 0.0427778 0.498324 0.793615 
14800 0.135273 1.46579 0.153208 0.0234494 0.06406 0.0596947 0.00180343 2.54613 0.00328182 0.0431113 0.273278 0.029478 5.5322 0.685745 0.92882 0.0141896 0.025968 0.0428458 0.499333 0.794822 
16280 0.135113 1.44311 0.152883 0.0234422 0.0642094 0.0598764 0.00180023 2.81204 0.00326785 0.0431369 0.268896 0.0294773 6.01152 0.68644 0.934852 0.0141852 0.0258639 0.0429119 0.499965 0.795671 
17760 0.134942 1.42186 0.152578 0.0234318 0.064312 0.0600267 0.00179758 3.07703 0.00326044 0.0431607 0.266564 0.0294771 6.48988 0.687035 0.940594 0.01418 0.0257615 0.0429762 0.500352 0.796271 
19240 0.13477 1.40218 0.152293 0.0234197 0.064382 0.0601544 0.00179536 3.34116 0.00325667 0.0431826 0.265356 0.0294771 6.96763 0.687561 0.946108 0.0141746 0.0256607 0.0430388 0.500577 0.796699 
20720 0.134603 1.38413 0.152029 0.0234068 0.0644295 0.0602653 0.00179348 3.60452 0.00325489 0.0432025 0.264763 0.0294773 7.44495 0.688036 0.951398 0.0141692 0.0255615 0.0430996 0.500697 0.797008 
22200 0.134446 1.36768 0.151785 0.0233938 0.0644589 0.060363 0.00179187 3.86721 0.00325419 0.0432207 0.264504 0.0294776 7.92196 0.68847 0.956445 0.014164 0.0254638 0.0431589 0.500747 0.797233 
23680 0.134299 1.35279 0.151562 0.0233811 0.0644811 0.0604498 0.00179047 4.1293 0.00325407 0.0432371 0.264424 0.029478 8.39875 0.688869 0.961231 0.0141591 0.0253675 0.0432165 0.500753 0.797397 
25160 0.134164 1.33938 0.151359 0.0233691 0.0644934 0.0605278 0.00178925 4.39087 0.00325424 0.043252 0.264439 0.0294784 8.87534 0.689235 0.965743 0.0141546 0.0252727 0.0432725 0.500729 0.79752 
26640 0.13404 1.32733 0.151174 0.0233578 0.0645002 0.0605981 0.00178818 4.652 0.00325456 0.0432655 0.264502 0.0294788 9.35178 0.689573 0.969977 0.0141504 0.0251793 0.0433271 0.500687 0.797614 
28120 0.133928 1.31656 0.151006 0.0233473 0.0645049 0.060662 0.00178722 4.91272 0.00325495 0.0432779 0.264589 0.0294792 9.82809 0.689883 0.973935 0.0141466 0.0250872 0.0433801 0.500636 0.797685 
29600 0.133828 1.30694 0.150856 0.0233377 0.0645069 0.06072 0.00178637 5.17308 0.00325535 0.0432891 0.264685 0.0294797 10.3043 0.690169 0.977623 0.0141432 0.0249965 0.0434317 0.50058 0.797742 
31080 0.133736 1.29838 0.15072 0.023329 0.0645097 0.0607731 0.00178561 5.43313 0.00325576 0.0432994 0.264783 0.02948 10.7804 0.690433 0.981053 0.0141402 0.024907 0.0434818 0.500523 0.797785 
32560 0.133655 1.29077 0.150599 0.0233211 0.0645092 0.0608219 0.00178492 5.69289 0.00325616 0.0433088 0.264878 0.0294804 11.2564 0.690675 0.984237 0.0141375 0.0248188 0.0435305 0.500468 0.797823 
34040 0.133583 1.28402 0.15049 0.023314 0.0645087 0.0608665 0.00178429 5.95239 0.00325653 0.0433175 0.264969 0.0294809 11.7323 0.690899 0.987194 0.0141351 0.0247319 0.0435778 0.500415 0.797856 
35520 0.133519 1.27803 0.150393 0.0233077 0.0645094 0.060908 0.00178371 6.21165 0.00325688 0.0433255 0.265054 0.0294812 12.2081 0.691105 0.989936 0.014133 0.0246462 0.0436237 0.500366 0.797882 
37000 0.133461 1.27272 0.150306 0.023302 0.0645094 0.0609461 0.00178319 6.4707 0.0032572 0.0433329 0.265133 0.0294816 12.6839 0.691295 0.992479 0.0141311 0.0245617 0.0436683 0.500322 0.797907 
