 95% +- 99% +- bestfit fimin fimax xmin xmax
hk 2.31112 2.31112 2.31112 2.31112 2.31112 0 0 0 0
pfk 2.74248 3.604 2.74248 3.604 2.87694 43 102 0.16104 0.89977
fbpase 0.615089 1.40789 0.615089 1.40789 0.740447 43 102 0.16104 0.89977
t3pep 3.5441 3.66606 3.5441 3.66606 3.66269 111 116 7.40879 1.07206
pept3 6.03268e-07 1.32645e-05 6.03268e-07 1.32645e-05 8.49425e-06 43 129 0.16104 0.5199
pk 3.54409 3.6656 3.54409 3.6656 3.66225 111 23 7.40879 0.03355
pyrlac 4.39824 4.74128 4.39824 4.74128 4.53333 116 112 1.07206 46.1124
lacpyr 0.0403391 0.0423397 0.0403391 0.0423397 0.0412987 129 116 0.5199 1.07206
pyrdcm 0.479114 1.0834 0.479114 1.0834 0.606256 129 116 0.5199 1.07206
pyrdmc 0.378798 0.940842 0.378798 0.940842 0.508778 129 116 0.5199 1.07206
pdh 0.112083 0.13967 0.112083 0.13967 0.122455 129 116 0.5199 1.07206
citakg 0.00671291 0.0464917 0.00671291 0.0464917 0.019932 116 88 1.07206 0.8367
akgfum 0.428965 0.658142 0.428965 0.658142 0.527646 116 123 1.07206 1.25407
fumal 0.190482 0.636634 0.190482 0.636634 0.336124 116 112 1.07206 46.1124
malfum 0.00158072 0.0450818 0.00158072 0.0450818 0.00779433 116 112 1.07206 46.1124
maloa 0.247771 0.478666 0.247771 0.478666 0.291414 114 123 0.20887 1.25407
oamal 0.00694765 0.15975 0.00694765 0.15975 0.0699053 70 112 0.24254 46.1124
pc 0.000126281 0.0285627 0.000126281 0.0285627 0.000580039 70 112 0.24254 46.1124
malicm 0.0274038 0.224664 0.0274038 0.224664 0.0282666 123 112 1.25407 46.1124
malicc 0.0197888 0.2166 0.0197888 0.2166 0.0462113 116 112 1.07206 46.1124
pepck 2.65365e-05 0.277779 2.65365e-05 0.277779 0.266613 112 71 46.1124 0.72529
ppp 8.74376e-07 0.237414 8.74376e-07 0.237414 2.35746e-06 70 112 0.24254 46.1124
oacd 0.0251127 0.237571 0.0251127 0.237571 0.236442 112 43 46.1124 0.16104
mald 0.0201354 0.172589 0.0201354 0.172589 0.0306952 116 112 1.07206 46.1124
citdmc 0.103358 0.275758 0.103358 0.275758 0.243488 112 70 46.1124 0.24254
citdcm 0.00161196 0.105335 0.00161196 0.105335 0.0789235 112 1 46.1124 0.00929
akgdmc 0.000493786 0.118163 0.000493786 0.118163 0.001267 70 112 0.24254 46.1124
akgdcm 0.116347 0.58878 0.116347 0.58878 0.124741 31 112 0.05519 46.1124
coaout 0.0706956 1.00114 0.0706956 1.00114 0.629819 112 129 46.1124 0.5199
coar 0.00111571 0.0721995 0.00111571 0.0721995 0.0557469 112 1 46.1124 0.00929
citakg1 0.000554703 0.0310337 0.000554703 0.0310337 0.00111571 10 112 0.02368 46.1124
akgcit1 0.00694585 0.0315041 0.00694585 0.0315041 0.0219017 70 1 0.24254 0.00929
gln_in 0 0.00860203 0 0.00860203 0 0 112 0 46.1124
gln_out 0.00858736 0.0104864 0.00858736 0.0104864 0.00862564 113 123 0.20887 1.25407
gln_pr 0 0 0 0 0 0 0 0 0
gluin 0 1.12288 0 1.12288 0 0 112 0 46.1124
gluout 0.577822 1.12351 0.577822 1.12351 1.11465 112 113 46.1124 0.20887
t3ser 0.0392235 0.577986 0.0392235 0.577986 0.577559 112 113 46.1124 0.20887
serpyr 0.00691123 0.0398465 0.00691123 0.0398465 0.0391825 112 88 46.1124 0.8367
ser_pr 0.00691032 0.0585895 0.00691032 0.0585895 0.00691082 116 112 1.07206 46.1124
sergly 0.0585408 0.078076 0.0585408 0.078076 0.0585672 116 112 1.07206 46.1124
glyser 0.0714029 0.0784551 0.0714029 0.0784551 0.0780463 112 111 46.1124 7.40879
thf 2.96938e-06 0.0714307 2.96938e-06 0.0714307 0.0714006 112 111 46.1124 7.40879
mthf 2.96938e-06 2.96938e-06 2.96938e-06 2.96938e-06 2.96938e-06 0 0 0 0
asp_o 0 0.00157216 0 0.00157216 0 0 112 0 46.1124
asp_i 0.00125766 0.0921042 0.00125766 0.0921042 0.00192662 116 112 1.07206 46.1124
asp_pr 0.00768891 0.0921042 0.00768891 0.0921042 0.0921042 112 0 46.1124 0
ala_o 0.00467034 0.0108744 0.00467034 0.0108744 0.00653546 116 112 1.07206 46.1124
ala_i 0.0105306 0.0131951 0.0105306 0.0131951 0.0107685 116 112 1.07206 46.1124
trpala 0.00264479 0.0403453 0.00264479 0.0444369 0.0130776 112 166 46.1124 0.27446
ala_pr 0.00264479 0.0282373 0.00264479 0.0323289 0.00264479 0 166 0 0.27446
r5_o 0 0.0904539 0 0.0904539 0 0 112 0 46.1124
r5_i 0.0904539 0.0904539 0.0904539 0.0904539 0.0904539 0 0 0 0
cystin 0 0.51 0 0.51 0 0 112 0 46.1124
proin 6.34696e-06 0.51 6.34696e-06 0.51 0.51 112 0 46.1124 0
proout 5.21573e-06 0.000532651 5.21573e-06 0.000532651 5.92161e-06 123 112 1.25407 46.1124
pro_pr 0.000520969 0.000532744 0.000520969 0.000532744 0.000532502 123 113 1.25407 0.20887
kgin 0 0.00263576 0 0.00263576 0 0 112 0 46.1124
coain 0.00263576 0.00263576 0.00263576 0.00263576 0.00263576 0 0 0 0
aglin 0 0.0246032 0 0.0246032 0 0 112 0 46.1124
aglout 0.0246032 0.583872 0.0246032 0.583872 0.0246032 0 112 0 46.1124
D 0.0711727 0.593146 0.0711727 0.593146 0.583261 112 88 46.1124 0.8367
cs0 0.0072546 0.130877 0.0072546 0.130877 0.0692802 112 92 46.1124 0.85196
resp 0.0072546 3.84476 0.0072546 3.84476 0.0072546 0 112 0 46.1124
atpase 0.128018 3.84476 0.128018 3.84476 3.84476 112 0 46.1124 0
aldf 0.036044 0.255685 0.036044 0.255685 0.0975908 70 112 0.24254 46.1124
aldrev 0.0832456 2.57277 0.0832456 2.57277 0.203493 116 112 1.07206 46.1124
aldfli 1.72363 2.6192 1.72363 2.6192 2.58051 99 129 0.89947 0.5199
aldi1 0.294826 2.8185 0.294826 2.8185 2.46483 112 129 46.1124 0.5199
tafl 0.0764301 51.5037 0.0764301 51.5037 0.329356 102 112 0.89977 46.1124
s7f6a 51.288 77.9823 51.288 77.9823 51.4408 116 129 1.07206 0.5199
f6g3a 2.92862e-05 77.9823 2.92862e-05 77.9823 51.4408 112 129 46.1124 0.5199
s7e4a 1.68266e-05 0.000150681 1.68266e-05 0.000150681 9.69415e-05 43 112 0.16104 46.1124
tkfl 0.000148842 0.0126281 0.000148842 0.0126281 0.00015872 43 112 0.16104 46.1124
s7p5 0.000157398 0.016271 0.000157398 0.016271 0.00926535 112 92 46.1124 0.85196
f6p5 0.000155541 0.000535366 0.000155541 0.000535366 0.000165502 43 112 0.16104 46.1124
p5f6 3.50696e-09 0.000596362 3.50696e-09 0.000596362 0.000594851 112 114 46.1124 0.20887
f6s7 3.16752e-09 8.61237e-09 3.16752e-09 8.61237e-09 4.07846e-09 43 112 0.16104 46.1124
s7f6 3.41064e-09 4.38715e-05 3.41064e-09 4.38715e-05 3.60648e-09 114 112 0.20887 46.1124
p5g3i 3.39402e-05 0.000116477 3.39402e-05 0.000116477 6.35446e-05 43 112 0.16104 46.1124
f6e4i 3.8867e-06 0.000155972 3.8867e-06 0.000155972 5.20005e-05 112 43 46.1124 0.16104
s7p5i 2.96186e-06 0.00044779 2.96186e-06 0.00044779 6.28189e-06 43 112 0.16104 46.1124
2637964 9.74237e-05 0.000447673 9.74237e-05 0.000447673 0.000438047 112 1 46.1124 0.00929
1.85333e-05 3.73713e-05 0.000141355 3.73713e-05 0.000141355 3.82931e-05 114 43 0.20887 0.16104
1369918 3.90223e-05 47.4784 3.90223e-05 47.4784 4.33045e-05 43 112 0.16104 46.1124
chi         1.36601
time         1.18384e+07
conc         47.285
