 95% +- 99% +- bestfit fimin fimax xmin xmax
hk 6.9521e-310 6.9521e-310 6.9521e-310 6.9521e-310 6.9521e-310 0 0 0 0
pfk 6.9521e-310 6.9521e-310 6.9521e-310 6.9521e-310 6.9521e-310 0 0 0 0
fbpase 6.95297e-310 6.95297e-310 6.95297e-310 6.95297e-310 6.95297e-310 0 0 0 0
t3pep 6.9521e-310 6.9521e-310 6.9521e-310 6.9521e-310 6.9521e-310 0 0 0 0
pept3 0 6.95297e-310 0 6.95297e-310 0 0 1 0 -6.95297e-310
pk 6.9521e-310 6.9521e-310 6.9521e-310 6.9521e-310 6.9521e-310 0 0 0 0
pyrlac 6.95297e-310 6.95297e-310 6.95297e-310 6.95297e-310 6.95297e-310 0 0 0 0
lacpyr 6.9521e-310 6.9521e-310 6.9521e-310 6.9521e-310 6.9521e-310 0 0 0 0
pyrdcm 9.88131e-324 6.95297e-310 9.88131e-324 6.95297e-310 9.88131e-324 0 1 0 -6.95297e-310
pyrdmc 6.9521e-310 6.9521e-310 6.9521e-310 6.9521e-310 6.9521e-310 0 0 0 0
pdh 4.94066e-324 6.9521e-310 4.94066e-324 6.9521e-310 4.94066e-324 0 1 0 -6.95297e-310
citakg 0 6.95297e-310 0 6.95297e-310 0 0 1 0 -6.95297e-310
akgfum 4.94066e-324 6.95297e-310 4.94066e-324 6.95297e-310 4.94066e-324 0 1 0 -6.95297e-310
fumal 6.9521e-310 6.9521e-310 6.9521e-310 6.9521e-310 6.9521e-310 0 0 0 0
malfum 1.68379e-314 6.95208e-310 1.68379e-314 6.95208e-310 1.68379e-314 0 1 0 -6.95297e-310
maloa 2.63093e-316 2.63093e-316 2.63093e-316 2.63093e-316 2.63093e-316 0 0 0 0
oamal 2.02567e-322 6.95297e-310 2.02567e-322 6.95297e-310 2.02567e-322 0 1 0 -6.95297e-310
pc 0 1.41943e-315 0 1.41943e-315 0 0 1 0 -6.95297e-310
malicm 6.9521e-310 6.9521e-310 6.9521e-310 6.9521e-310 6.9521e-310 0 0 0 0
malicc 6.95297e-310 6.95297e-310 6.95297e-310 6.95297e-310 6.95297e-310 0 0 0 0
pepck 2.52442e-314 6.9521e-310 2.52442e-314 6.9521e-310 2.52442e-314 0 1 0 -6.95297e-310
ppp 6.95297e-310 6.95297e-310 6.95297e-310 6.95297e-310 6.95297e-310 0 1 0 -6.95297e-310
oacd 1.40365e-314 6.9521e-310 1.40365e-314 6.9521e-310 1.40365e-314 0 1 0 -6.95297e-310
mald 6.9521e-310 6.9521e-310 6.9521e-310 6.9521e-310 6.9521e-310 0 0 0 0
citdmc 2.122e-314 6.9521e-310 2.122e-314 6.9521e-310 2.122e-314 0 1 0 -6.95297e-310
citdcm 6.9521e-310 6.95297e-310 6.9521e-310 6.95297e-310 6.9521e-310 0 1 0 -6.95297e-310
akgdmc 6.9521e-310 6.9521e-310 6.9521e-310 6.9521e-310 6.9521e-310 0 1 0 -6.95297e-310
akgdcm 6.9521e-310 6.9521e-310 6.9521e-310 6.9521e-310 6.9521e-310 0 0 0 0
coaout 2.47033e-323 6.9521e-310 2.47033e-323 6.9521e-310 2.47033e-323 0 1 0 -6.95297e-310
coar 6.9521e-310 6.9521e-310 6.9521e-310 6.9521e-310 6.9521e-310 0 0 0 0
citakg1 6.95297e-310 6.95297e-310 6.95297e-310 6.95297e-310 6.95297e-310 0 0 0 0
akgcit1 6.9521e-310 6.9521e-310 6.9521e-310 6.9521e-310 6.9521e-310 0 0 0 0
gln_in 0 6.9521e-310 0 6.9521e-310 0 0 1 0 -6.95297e-310
gln_out 6.9521e-310 6.9521e-310 6.9521e-310 6.9521e-310 6.9521e-310 0 0 0 0
gln_pr 6.95297e-310 6.95297e-310 6.95297e-310 6.95297e-310 6.95297e-310 0 0 0 0
gluin 4.88631e-321 4.88631e-321 4.88631e-321 4.88631e-321 4.88631e-321 0 0 0 0
gluout 6.9521e-310 6.9521e-310 6.9521e-310 6.9521e-310 6.9521e-310 0 0 0 0
t3ser 6.9521e-310 6.9521e-310 6.9521e-310 6.9521e-310 6.9521e-310 0 1 0 -6.95297e-310
serpyr 6.9521e-310 6.95297e-310 6.9521e-310 6.95297e-310 6.9521e-310 0 1 0 -6.95297e-310
ser_pr 6.9521e-310 6.9521e-310 6.9521e-310 6.9521e-310 6.9521e-310 0 0 0 0
sergly 4.88631e-321 6.95297e-310 4.88631e-321 6.95297e-310 4.88631e-321 0 1 0 -6.95297e-310
glyser 6.9521e-310 6.9521e-310 6.9521e-310 6.9521e-310 6.9521e-310 0 0 0 0
thf 6.9521e-310 6.9521e-310 6.9521e-310 6.9521e-310 6.9521e-310 0 0 0 0
mthf 6.95297e-310 6.95297e-310 6.95297e-310 6.95297e-310 6.95297e-310 0 0 0 0
asp_o 6.95297e-310 6.95297e-310 6.95297e-310 6.95297e-310 6.95297e-310 0 0 0 0
asp_i 6.9521e-310 6.95297e-310 6.9521e-310 6.95297e-310 6.9521e-310 0 1 0 -6.95297e-310
asp_pr 4.94066e-324 6.95297e-310 4.94066e-324 6.95297e-310 4.94066e-324 0 1 0 -6.95297e-310
ala_o 6.9521e-310 6.9521e-310 6.9521e-310 6.9521e-310 6.9521e-310 0 0 0 0
ala_i 6.9521e-310 6.95297e-310 6.9521e-310 6.95297e-310 6.9521e-310 0 1 0 -6.95297e-310
trpala 6.95297e-310 6.95297e-310 6.95297e-310 6.95297e-310 6.95297e-310 0 1 0 -6.95297e-310
ala_pr 1.90744e-314 6.9521e-310 1.90744e-314 6.9521e-310 1.90744e-314 0 1 0 -6.95297e-310
r5_o 2.98037e-316 6.95297e-310 2.98037e-316 6.95297e-310 2.98037e-316 0 1 0 -6.95297e-310
r5_i 0.671175 0.671175 0.671175 0.671175 0.671175 0 0 0 0
cystin 6.95297e-310 6.95297e-310 6.95297e-310 6.95297e-310 6.95297e-310 0 0 0 0
proin 6.9521e-310 6.95297e-310 6.9521e-310 6.95297e-310 6.9521e-310 0 1 0 -6.95297e-310
proout 6.9521e-310 6.95297e-310 6.9521e-310 6.95297e-310 6.9521e-310 0 1 0 -6.95297e-310
pro_pr 6.95297e-310 6.95297e-310 6.95297e-310 6.95297e-310 6.95297e-310 0 1 0 -6.95297e-310
kgin 6.95297e-310 6.95297e-310 6.95297e-310 6.95297e-310 6.95297e-310 0 1 0 -6.95297e-310
coain 6.9521e-310 6.95297e-310 6.9521e-310 6.95297e-310 6.9521e-310 0 1 0 -6.95297e-310
aglin 6.95208e-310 6.95297e-310 6.95208e-310 6.95297e-310 6.95208e-310 0 1 0 -6.95297e-310
aglout 3.95253e-323 6.95297e-310 3.95253e-323 6.95297e-310 3.95253e-323 0 1 0 -6.95297e-310
D 6.9521e-310 6.95297e-310 6.9521e-310 6.95297e-310 6.9521e-310 0 1 0 -6.95297e-310
cs0 1.51042e-315 1.51042e-315 1.51042e-315 1.51042e-315 1.51042e-315 0 0 0 0
resp 2.62349e-321 2.62349e-321 2.62349e-321 2.62349e-321 2.62349e-321 0 0 0 0
atpase 6.9521e-310 6.9521e-310 6.9521e-310 6.9521e-310 6.9521e-310 0 0 0 0
aldf 6.9521e-310 6.9521e-310 6.9521e-310 6.9521e-310 6.9521e-310 0 0 0 0
aldrev 6.9521e-310 6.9521e-310 6.9521e-310 6.9521e-310 6.9521e-310 0 0 0 0
aldfli 6.9521e-310 6.9521e-310 6.9521e-310 6.9521e-310 6.9521e-310 0 0 0 0
aldi1 2.62349e-321 6.9521e-310 2.62349e-321 6.9521e-310 2.62349e-321 0 1 0 -6.95297e-310
tafl 6.9521e-310 6.95297e-310 6.9521e-310 6.95297e-310 6.9521e-310 0 1 0 -6.95297e-310
chi         0
time         0
conc         0
