time(h): 0 6 24 -1
name: 2-hydroxyglutarate,0,4
t= 6
mean:
0.977 0.002 0.02 0.001 0 0
sd:
0.001 0.002 0.001 0.002 0.001 0
name: Alanine_C1C3,0,2
t= 24
mean:
0.795 0.017 0.187 0.002
sd:
0.002 0.001 0.001 0
t= 6
mean:
0.859 0.01 0.13 0.001
sd:
0.001 0.001 0.001 0.001
name: Alanine_C2C3,1,2
t= 24
mean:
0.796 0.016 0.188
sd:
0.002 0.001 0.002
t= 6
mean:
0.861 0.008 0.131
sd:
0.001 0.001 0
name: alpha-Ketoglutarate,0,4
t= 24
mean:
1.005 -0.003 0 -0.001 0 0
sd:
0 0 0 0 0 0
name: Aspartate_C1C4,0,3
t= 24
mean:
0.928 0.02 0.048 0.003 0.001
sd:
0.002 0.001 0.001 0 0
t= 6
mean:
0.976 0.005 0.018 0 0
sd:
0.002 0.001 0.001 0 0
name: Aspartate_C2C4,1,3
t= 24
mean:
0.933 0.038 0.028 0.001
sd:
0.004 0.002 0.002 0
t= 6
mean:
0.976 0.013 0.011 0
sd:
0.001 0.001 0.001 0
name: Cysteine_C1C3,0,2
t= 24
mean:
1.055 0.003 0.001 -0.059
sd:
0.05 0.003 0 0.053
t= 6
mean:
1.1 -0.001 -0.002 -0.097
sd:
0.037 0.006 0.003 0.034
name: Cysteine_C2C3,1,2
t= 24
mean:
0.999 0.001 0.001
sd:
0.003 0.001 0.002
t= 6
mean:
0.998 0.001 0.001
sd:
0.006 0.002 0.004
name: Fumarate,0,3
t= 24
mean:
0.934 0.023 0.042 0 0
sd:
0.003 0.002 0.003 0.002 0.001
t= 6
mean:
0.971 0 0.028 0.001 0.001
sd:
0 0 0 0 0
name: Glycine_C1C2,0,1
t= 24
mean:
0.988 0.011 0
sd:
0.001 0 0
t= 6
mean:
1.001 0.001 -0.001
sd:
0.002 0.001 0.001
name: Glycine_C2,1,1
t= 24
mean:
0.99 0.01
sd:
0.001 0.001
t= 6
mean:
0.998 0.002
sd:
0.001 0.001
name: Isoleucine,0,4
t= 24
mean:
0.999 0 0 0 0 0
sd:
0 0.001 0 0 0 0
t= 6
mean:
1 0 0 0 0 0
sd:
0.001 0 0.001 0 0 0
name: Lactate,0,2
t= 24
mean:
0.795 0.015 0.189 0.001
sd:
0.002 0.001 0.002 0
t= 6
mean:
0.851 0.009 0.139 0.001
sd:
0.012 0.001 0.011 0
name: Leucine,1,4
t= 24
mean:
1 0.001 0 -0.001 0
sd:
0.001 0.001 0 0 0
t= 6
mean:
0.998 0.001 0 0.002 0
sd:
0.003 0.001 0 0.002 0
name: Malate,0,3
t= 24
mean:
0.927 0.02 0.049 0.003 0.001
sd:
0.004 0.002 0.002 0 0
t= 6
mean:
0.972 0.007 0.02 0 0
sd:
0.001 0.001 0 0 0
name: Methionine_C1C5,0,4
t= 24
mean:
0.988 0.003 0.008 0.001 0 0
sd:
0.004 0.001 0.001 0 0.003 0.001
t= 6
mean:
1.002 -0.003 0.001 0 -0.001 0
sd:
0.006 0.002 0.002 0.001 0.003 0.001
name: Methionine_C2C5,1,4
t= 24
mean:
0.988 0.004 0.007 0 0
sd:
0.001 0.001 0 0 0.001
t= 6
mean:
0.998 0.003 0 0.001 -0.002
sd:
0.002 0.001 0 0.001 0.001
name: Phenylalanine,0,8
t= 24
mean:
1 0 0 0 0 0 0 0 0 0
sd:
0.001 0.001 0 0 0 0 0 0 0.001 0
t= 6
mean:
1.002 -0.001 -0.001 0 0 0 0 0 -0.001 0
sd:
0.002 0.001 0.001 0 0 0 0.001 0 0 0
name: Proline_C1C5,0,4
t= 24
mean:
0.932 0.006 0.025 0.001 0.013 0.023
sd:
0.051 0.001 0.002 0.052 0 0.002
t= 6
mean:
0.648 0 0.008 0.328 -0.004 0.019
sd:
0.158 0.001 0.001 0.176 0.023 0.004
name: Proline_C2C5,1,4
t= 24
mean:
0.937 0.017 0.043 0.003 0
sd:
0.002 0 0.001 0 0
t= 6
mean:
0.977 0.003 0.018 0.001 0.001
sd:
0 0.001 0.001 0 0
name: Serine_C1C3,0,2
t= 24
mean:
0.967 0.026 0.007 0
sd:
0.002 0.002 0.001 0
t= 6
mean:
0.994 0.003 0.003 0
sd:
0.001 0.001 0 0
name: Serine_C2C3,1,2
t= 24
mean:
0.969 0.025 0.006
sd:
0.001 0.001 0.001
t= 6
mean:
0.997 0.001 0.002
sd:
0.001 0.001 0.001
name: Threonine,0,3
t= 24
mean:
1.001 -0.001 0 0.001 0
sd:
0.001 0.001 0 0 0
t= 6
mean:
1.002 -0.001 -0.002 0.001 0
sd:
0.001 0.001 0.001 0 0
name: Valine,1,4
t= 24
mean:
0.999 -0.001 0 0.002 0
sd:
0 0.001 0 0.001 0
t= 6
mean:
1 -0.001 0 0 0
sd:
0.001 0.001 0 0 0
tracer: [1,2-C13]-Glucose 48 0.5
