0       hk   2 0.0059 0.01
1      pfk   3 0.04 0.077 0.029596
2   fbpase   2 0.005 0.2
3    t3pep   4 0.407595 0.06 0.251614 0.671175
4    pept3   4 2.9287e-07 0.3162 0.291561 0.287754
5       pk   3 0.42 0.03468 0.0981185
6   pyrlac   3 0.3 0.5 0.3
7    lacin   2 0.0005 0.01
8    lacou   2 0.003 0.01
9 laccpyrm   3 0.01 1 0.56094
10 pyrmlacc   3 0.0003 0.01 0.01
11  pyrlacc   3 0.0001 0.01 0.01
12   pyrdcm   2 0.0025 0.7
13   pyrdmc   2 0.0003 0.7
14      pdh   3 0.00015 0.02 0.0217826
15   citakg   3 0.682494 1 0.564972
16   akgsuc   4 1.68996 0.0696334 0.564972 0.564972
17   sucmal   2 0.622122 0.5
18    maloa   3 0.001 0.366178 0.564972
19    oamal   3 0.0005 0.218418 0.564972
20       pc   3 0.000400745 0.005 0.564972
21   malicm   3 0.002 0.33103 0.564972
22   malicc   3 0.003 0.01 0.2
23     oacd   2 5.10294e-05 0.01
24     mald   2 0.0002 0.0198456
25   citdmc   2 0.003 0.5
26   citdcm   2 0.003 0.51
27   akgdmc   2 0.00322304 0.0830327
28   akgdcm   2 0.001 0.01
29   coaout   3 0.000125 0.51 0.564972
30  citakg1   3 0 45.01 0.01
31  akgcit1   3 0.0005 0.01 0.564972
32   gln_in   2 0.00068531 0.3
33  gln_out   2 0 0.01
34    gluin   2 0.0001 0.3
35   gluout   2 0.0001 0.0164801
38    ala_o   2 0.00738563 0.2
39    ala_i   2 0.00636628 0.5
40 glycogin   2 8.28157e-07 0.01
41 glycogou   1 6.47168e-07
42   cystin   1 0.000144238
43     kgin   1 4.21443e-07
44    coain   1 1e-05
45   gln_pr   2 0 0.01
47   ala_pr   2 0 0.01
48   trpala   1 6.4453e-07
49      cs0   3 1.9232 0.0946553 0.069891
50        D   1 0.0347749
51      rdt   1 0.468041
52     rald   2 0.00656835 14870
3 4 5 6 7 8 9 10 11 12 13 14 15 16 17 18 19 20 21 22 23 24 25 26 27 28 29 30 31 32 33 35 36 37 38 39 40 41 42 43 44 45 46 47 59 60 61 62 63 -1 .
0) nfbp      0.0417
1) nt3       0.020659
2) npep      0.0331203
3) npyr      0.0129963
4) npyrm     0.0233214
5) ncoa      0.0621227
6) ncoac     0.01
7) nagl      0.01
8) noa       0.0174147
9) noac      0.00711796
10) ncit      0.06688
11) ncitc     0.0566272
12) nakg      0.200136
13) nakgc     0.0119434
14) nsuc      0.0419397
15) nmal      0.0718893
16) ngae      0.0807
17) ndhe      0.101
18) nlacc     0.01
19) nh6       0.807
20) ngl       8.636
21) nlac      0.1
22) nglu      0.1
23) ngln      1.9
24) nala      0.1
27) nglycog      0.01
χ= 78.1266
t= 31299965
C= 17.5944
0) hk        2.76144
1) pfk       2.764
2) fbpase    0.00247874
3) t3pep     5.52305
4) pept3     4.33235e-07
5) pk        5.52305
6) pyrlac    8.11716
7) lacin     0.233826
8) lacou     0.389664
9) laccpyrm  0.0179091
10) pyrmlacc  0.138449
11) pyrlacc   0.0352982
12) pyrdcm    0.0491279
13) pyrdmc    0.0704641
14) pdh       0.0682699
15) citakg    0.161381
16) akgsuc    0.333756
17) sucmal    0.333759
18) maloa     0.153585
19) oamal     0.230905
20) pc        0.186245
21) malicm    0.328345
22) malicc    0.0881198
23) oacd      0.0014989
24) mald      0.0842585
25) citdmc    0.0402138
26) citdcm    0.128643
27) akgdmc    0.0153805
28) akgdcm    0.187558
29) coaout    0.00536011
30) citakg1   0
31) akgcit1   0.0937789
32) gln_in    0.267517
33) gln_out   0
34) gluin     0.0119464
35) gluout    0.0135096
38) ala_o     0.459722
39) ala_i     2.97968
40) glycogin  0.000221519
41) glycogou  0.000302901
42) cystin    0.0675093
43) kgin      0.000197253
44) coain     0.00468041
45) gln_pr    0
47) ala_pr    0
48) trpala    0.000301666
49) cs0       0.0729503
50) D         16.2761
52) aldfl     3.25814
53) aldrev    0.496616
54) aldfli    0.782771
