0       hk   2 0.0059 0.01
1      pfk   3 0.04 0.077 0.029596
2   fbpase   2 0.005 0.2
3    t3pep   4 0.27 0.06 0.251614 0.671175
4    pept3   4 2.67e-07 0.3162 0.291561 0.287754
5       pk   3 0.42 0.03468 0.0981185
6   pyrlac   3 0.3 0.5 0.3
7    lacin   2 0.0005 0.01
8    lacou   2 0.003 0.01
9 laccpyrm   3 0.0097 1 0.56094
10 pyrmlacc   3 0.000315 0.01 0.01
11  pyrlacc   3 0.0001 0.01 0.01
12   pyrdcm   2 0.0025 0.7
13   pyrdmc   2 0.00029 0.7
14      pdh   3 0.00015 0.02 0.0217826
15   citakg   3 0.649994 1 0.564972
16   akgsuc   4 1.6 0.0696334 0.564972 0.564972
17   sucmal   2 0.622122 0.5
18    maloa   3 0.001 0.366178 0.564972
19    oamal   3 0.000525 0.218418 0.564972
20       pc   3 0.000385 0.005 0.564972
21   malicm   3 0.002 0.33103 0.564972
22   malicc   3 0.003 0.01 0.2
23     oacd   2 4.86e-05 0.01
24     mald   2 0.0002 0.0198456
25   akgdmc   2 0.00322304 0.0830327
26   akgdcm   2 0.0011 0.01
27   coaout   3 0.000125 0.51 0.564972
28  citakg1   3 0 45.01 0.01
29  akgcit1   3 0.0005 0.01 0.564972
30   gln_in   2 0.00067 0.3
31  gln_out   2 0 0.01
32    gluin   2 0.0001 0.3
33   gluout   2 0.0001 0.0164801
34    ala_o   2 0.00738563 0.2
35   cystin   1 0.00015145
36     kgin   1 4.21443e-07
37    coain   1 1.2e-05
38   gln_pr   2 0 0.01
39      cs0   3 2.01936 0.0946553 0.069891
40        D   1 0.037
41      rdt   1 0.2
42     rald   2 0.00656835 14870
3 4 5 6 7 8 9 10 11 12 13 14 15 16 17 18 19 20 21 22 23 24 25 26 27 29 30 32 35 36 37 39 40 -1 .
0) nfbp      0.0417
1) nt3       0.020659
2) npep      0.0331203
3) npyr      0.0129963
4) npyrm     0.0233214
5) ncoa      0.0621227
6) ncoac     0.1
7) nagl      0.1
8) noa       0.174147
9) noac      0.0711796
10) ncit      0.06688
11) nakg      0.200136
12) nakgc     0.0119434
13) nsuc      0.0419397
14) nmal      0.0718893
15) nlacc     0.1
16) nh6       0.807
17) ngl       8.636
18) nlac      0.1
19) nglu      0.1
20) ngln      1.9
χ= 101.975
t= 628326
C= 2.30379
0) hk        1.18
1) pfk       1.18143
2) fbpase    0.00143473
3) t3pep     2.36
4) pept3     1.68769e-07
5) pk        2.36
6) pyrlac    2.25942
7) lacin     0.0981088
8) lacou     0.165518
9) laccpyrm  0.00736248
10) pyrmlacc  0.0615416
11) pyrlacc   0.0132353
12) pyrdcm    0.0135952
13) pyrdmc    0.0218142
14) pdh       0.0286425
15) citakg    0.0684122
16) akgsuc    0.145564
17) sucmal    0.145566
18) maloa     0.0651152
19) oamal     0.0942634
20) pc        0.0760983
21) malicm    0.139244
22) malicc    0.0360661
23) oacd      0.000584271
24) mald      0.0359626
25) akgdmc    0.00665933
26) akgdcm    0.0837272
27) coaout    0.000687809
28) citakg1   0
29) akgcit1   0.0380578
30) gln_in    0.115553
31) gln_out   0
32) gluin     0.00500293
33) gluout    0.00543144
34) ala_o     0.131626
35) cystin    0.03029
36) kgin      8.42886e-05
37) coain     0.0024
38) gln_pr    0
39) cs0       0.0310425
40) D         7.4
42) aldfl     1.60391
43) aldrev    0.423911
44) aldfli    0.590672
