Confidence_level: 0.95
 Reaction_id Lower_bound Upper_bound name scheme
hk 2.31112 2.31112 2.31112 2.31112
pfk 2.77247 2.87771 2.77247 2.87771
fbpase 0.640039 0.741204 0.640039 0.741204
t3pep 3.64276 3.6629 3.64276 3.6629
pept3 8.44933e-07 8.49425e-06 8.44933e-07 8.49425e-06
pk 3.64277 3.66289 3.64277 3.66289
pyrlac 4.53333 4.56701 4.53333 4.56701
lacpyr 0.0412938 0.0418273 0.0412938 0.0418273
pyrdcm 0.605342 0.760388 0.605342 0.760388
pyrdmc 0.508345 0.679222 0.508345 0.679222
pdh 0.122427 0.131295 0.122427 0.131295
citakg 0.019932 0.0275874 0.019932 0.0275874
akgfum 0.499145 0.527767 0.499145 0.527767
fumal 0.323251 0.336125 0.323251 0.336125
malfum 0.00391424 0.0122595 0.00391424 0.0122595
maloa 0.280252 0.291414 0.280252 0.291414
oamal 0.0699053 0.117492 0.0699053 0.117492
pc 0.000578185 0.0152608 0.000578185 0.0152608
malicm 0.0282632 0.0290865 0.0282632 0.0290865
malicc 0.0462113 0.0721817 0.0462113 0.0721817
pepck 0.207292 0.267699 0.207292 0.267699
ppp 2.35454e-06 2.16409e-05 2.35454e-06 2.16409e-05
oacd 0.236442 0.23752 0.236442 0.23752
mald 0.0237149 0.0308223 0.0237149 0.0308223
citdmc 0.160291 0.244368 0.160291 0.244368
citdcm 0.0789235 0.105335 0.0789235 0.105335
akgdmc 0.001267 0.00162783 0.001267 0.00162783
akgdcm 0.119864 0.124764 0.119864 0.124764
coaout 0.588784 0.629822 0.588784 0.629822
coar 0.0557469 0.0721995 0.0557469 0.0721995
citakg1 0.00111571 0.00111571 0.00111571 0.00111571
akgcit1 0.0219017 0.0315041 0.0219017 0.0315041
gln_in 0 0 0 0
gln_out 0.00860136 0.00862564 0.00860136 0.00862564
gln_pr 0 0 0 0
gluin 0 0 0 0
gluout 1.11465 1.11972 1.11465 1.11972
t3ser 0.577559 0.57783 0.577559 0.57783
serpyr 0.0391825 0.0392047 0.0391825 0.0392047
ser_pr 0.00691081 0.00691147 0.00691081 0.00691147
sergly 0.0585668 0.058602 0.0585668 0.058602
glyser 0.0780458 0.0780927 0.0780458 0.0780927
thf 0.0714006 0.0714041 0.0714006 0.0714041
mthf 2.96938e-06 2.96938e-06 2.96938e-06 2.96938e-06
asp_o 0 0 0 0
asp_i 0.00148369 0.00193471 0.00148369 0.00193471
asp_pr 0.0921042 0.0921042 0.0921042 0.0921042
ala_o 0.00531825 0.0065611 0.00531825 0.0065611
ala_i 0.0107685 0.0108257 0.0107685 0.0108257
trpala 0.0130776 0.0131671 0.0130776 0.0131671
ala_pr 0.00264479 0.00264479 0.00264479 0.00264479
r5_o 0 0 0 0
r5_i 0.0904539 0.0904539 0.0904539 0.0904539
cystin 0 0 0 0
proin 0.51 0.51 0.51 0.51
proout 5.92161e-06 6.17785e-06 5.92161e-06 6.17785e-06
pro_pr 0.000532502 0.000532656 0.000532502 0.000532656
kgin 0 0 0 0
coain 0.00263576 0.00263576 0.00263576 0.00263576
aglin 0 0 0 0
aglout 0.0246032 0.0246032 0.0246032 0.0246032
D 0.583261 0.583593 0.583261 0.583593
cs0 0.0692802 0.0713846 0.0692802 0.0713846
resp 0.0072546 0.0072546 0.0072546 0.0072546
atpase 3.84476 3.84476 3.84476 3.84476
aldf 0.0975908 0.131295 0.0975908 0.131295
aldrev 0.147074 0.204049 0.147074 0.204049
aldfli 2.58038 2.5998 2.58038 2.5998
aldi1 2.44309 2.46483 2.44309 2.46483
tafl 0.317321 0.329356 0.317321 0.329356
s7f6a 51.4408 51.4708 51.4408 51.4708
f6g3a 51.4408 51.4708 51.4408 51.4708
s7e4a 2.08468e-05 9.70372e-05 2.08468e-05 9.70372e-05
tkfl 0.000149403 0.00015872 0.000149403 0.00015872
s7p5 0.00926535 0.0129596 0.00926535 0.0129596
f6p5 0.000156138 0.000165502 0.000156138 0.000165502
p5f6 0.000510948 0.000595008 0.000510948 0.000595008
f6s7 3.28856e-09 4.07846e-09 3.28856e-09 4.07846e-09
s7f6 3.60433e-09 1.02787e-08 3.60433e-09 1.02787e-08
p5g3i 3.78225e-05 6.35484e-05 3.78225e-05 6.35484e-05
f6e4i 5.1926e-05 0.000139933 5.1926e-05 0.000139933
s7p5i 3.31406e-06 6.28189e-06 3.31406e-06 6.28189e-06
2637964 0.000438047 0.000447673 0.000438047 0.000447673
1.85333e-05 3.82415e-05 0.000122604 3.82415e-05 0.000122604
1369918 3.92258e-05 4.33045e-05 3.92258e-05 4.33045e-05
chi         1.36601
time         1.18384e+07
conc         47.285
