[U-13C]glucose
pyr
0.799 0.0871 0.0392 0.075
pyr_C2-C3 fragment
0.842 0.0492 0.109 
lacc
0.268 0 0 0.732
cit
0.744 0.119 0.0861 0.0405 0.00721 0.00302 4.72e-05
mal
0.813 0.0883 0.048 0.0494 0.000788
akg
0.834 0.0891 0.0661 0.00793 0.00253 5.18e-05
oac
0.856 0.0684 0.0372 0.0383 0.00061


[U-13C]gln
pyr
0.098 0.0508 0.102 0.749
pyr_C2-C3 fragment
0.141 0.0593 0.8
lacc
1 0 0 0
cit
0.00457 0.0081 0.0455 0.0667 0.127 0.542 0.206
mal
0.0579 0.0339 0.092 0.476 0.34
akg
0.00332 0.00863 0.0583 0.0877 0.232 0.61
oac
0.045 0.0263 0.0715 0.593 0.264


[U-13C]lac
Pyr
0.984 0.00808 0.00268 0.00541
Pyr_C2-C3 fragment
0.988 0.00418 0.00805 
lacc
0.745 0 0 0.255 
cit
0.978 0.0129 0.00681 0.00264 3.96e-05 1.43e-05 1.55e-08
mal
0.985 0.00846 0.00343 0.00339 3.69e-06
akg
0.986 0.00915 0.00503 4.76e-05 1.18e-05 1.84e-08
oac
0.988 0.00655 0.00265 0.00262 2.86e-06

