 95% +- 99% +- bestfit fimin fimax xmin xmax
hk 2.31112 2.31112 2.31112 2.31112 2.31112 0 0 0 0
pfk 2.65436 2.65436 2.65436 2.65436 2.65436 0 0 0 0
fbpase 0.590928 0.590928 0.590928 0.590928 0.590928 0 0 0 0
t3pep 3.50112 3.50112 3.50112 3.50112 3.50112 0 0 0 0
pept3 1.52132e-06 1.52132e-06 1.52132e-06 1.52132e-06 1.52132e-06 0 0 0 0
pk 3.49969 3.49969 3.49969 3.49969 3.49969 0 0 0 0
pyrlac 4.36663 4.36663 4.36663 4.36663 4.36663 0 0 0 0
lacpyr 0.0354277 0.0354277 0.0354277 0.0354277 0.0354277 0 0 0 0
pyrdcm 0.67348 0.67348 0.67348 0.67348 0.67348 0 0 0 0
pyrdmc 0.77171 0.77171 0.77171 0.77171 0.77171 0 0 0 0
pdh 0.133725 0.133725 0.133725 0.133725 0.133725 0 0 0 0
citakg 0.0252312 0.0252312 0.0252312 0.0252312 0.0252312 0 0 0 0
akgfum 0.216784 0.216784 0.216784 0.216784 0.216784 0 0 0 0
fumal 0.465153 0.465153 0.465153 0.465153 0.465153 0 0 0 0
malfum 0.0637122 0.0637122 0.0637122 0.0637122 0.0637122 0 0 0 0
maloa 0.429855 0.429855 0.429855 0.429855 0.429855 0 0 0 0
oamal 0.283281 0.283281 0.283281 0.283281 0.283281 0 0 0 0
pc 0.0239558 0.0239558 0.0239558 0.0239558 0.0239558 0 0 0 0
malicm 0.249326 0.249326 0.249326 0.249326 0.249326 0 0 0 0
malicc 0.214226 0.214226 0.214226 0.214226 0.214226 0 0 0 0
pepck 2.12685e-05 2.12685e-05 2.12685e-05 2.12685e-05 2.12685e-05 0 0 0 0
ppp 0.242543 0.242543 0.242543 0.242543 0.242543 0 0 0 0
oacd 0.0259853 0.0259853 0.0259853 0.0259853 0.0259853 0 0 0 0
mald 0.178209 0.178209 0.178209 0.178209 0.178209 0 0 0 0
citdmc 0.110602 0.110602 0.110602 0.110602 0.110602 0 0 0 0
citdcm 0.00188486 0.00188486 0.00188486 0.00188486 0.00188486 0 0 0 0
akgdmc 0.0446736 0.0446736 0.0446736 0.0446736 0.0446736 0 0 0 0
akgdcm 0.23328 0.23328 0.23328 0.23328 0.23328 0 0 0 0
coaout 0.063727 0.063727 0.063727 0.063727 0.063727 0 0 0 0
coar 0.010599 0.010599 0.010599 0.010599 0.010599 0 0 0 0
citakg1 0.0370361 0.0370361 0.0370361 0.0370361 0.0370361 0 0 0 0
akgcit1 0 0 0 0 0 0 0 0 0
gln_in 0.132452 0.132452 0.132452 0.132452 0.132452 0 0 0 0
gln_out 0 0 0 0 0 0 0 0 0
gln_pr 0 0 0 0 0 0 0 0 0
gluin 0.951879 0.951879 0.951879 0.951879 0.951879 0 0 0 0
gluout 0.932514 0.932514 0.932514 0.932514 0.932514 0 0 0 0
t3ser 0.0390194 0.0390194 0.0390194 0.0390194 0.0390194 0 0 0 0
serpyr 0.00714143 0.00714143 0.00714143 0.00714143 0.00714143 0 0 0 0
ser_pr 0.0628428 0.0628428 0.0628428 0.0628428 0.0628428 0 0 0 0
sergly 0.0834384 0.0834384 0.0834384 0.0834384 0.0834384 0 0 0 0
glyser 0.0722771 0.0722771 0.0722771 0.0722771 0.0722771 0 0 0 0
thf 3.20208e-06 3.20208e-06 3.20208e-06 3.20208e-06 3.20208e-06 0 0 0 0
mthf 0 0 0 0 0 0 0 0 0
asp_o 0.0016653 0.0016653 0.0016653 0.0016653 0.0016653 0 0 0 0
asp_i 0.0895353 0.0895353 0.0895353 0.0895353 0.0895353 0 0 0 0
asp_pr 0.00425488 0.00425488 0.00425488 0.00425488 0.00425488 0 0 0 0
ala_o 0.0108983 0.0108983 0.0108983 0.0108983 0.0108983 0 0 0 0
ala_i 0.0135892 0.0135892 0.0135892 0.0135892 0.0135892 0 0 0 0
trpala 0.00253041 0.00253041 0.00253041 0.00253041 0.00253041 0 0 0 0
ala_pr 0 0 0 0 0 0 0 0 0
r5_o 0.242481 0.242481 0.242481 0.242481 0.242481 0 0 0 0
r5_i 0 0 0 0 0 0 0 0 0
cystin 0.51 0.51 0.51 0.51 0.51 0 0 0 0
proin 1.60888e-06 1.60888e-06 1.60888e-06 1.60888e-06 1.60888e-06 0 0 0 0
proout 0.000205326 0.000205326 0.000205326 0.000205326 0.000205326 0 0 0 0
pro_pr 0 0 0 0 0 0 0 0 0
kgin 0.00271119 0.00271119 0.00271119 0.00271119 0.00271119 0 0 0 0
coain 0 0 0 0 0 0 0 0 0
D 0.0241583 0.0241583 0.0241583 0.0241583 0.0241583 0 0 0 0
cs0 0.583646 0.583646 0.583646 0.583646 0.583646 0 0 0 0
resp 3.85676 3.85676 3.85676 3.85676 3.85676 0 0 0 0
atpase 0.133719 0.133719 0.133719 0.133719 0.133719 0 0 0 0
aldf 0.241959 0.241959 0.241959 0.241959 0.241959 0 0 0 0
aldrev 2.08759 2.08759 2.08759 2.08759 2.08759 0 0 0 0
aldfli 2.36635 2.36635 2.36635 2.36635 2.36635 0 0 0 0
aldi1 0.312745 0.312745 0.312745 0.312745 0.312745 0 0 0 0
tafl 51.7962 51.7962 51.7962 51.7962 51.7962 0 0 0 0
s7f6a 51.7962 51.7962 51.7962 51.7962 51.7962 0 0 0 0
f6g3a 3.55949e-05 3.55949e-05 3.55949e-05 3.55949e-05 3.55949e-05 0 0 0 0
s7e4a 8.40498e-05 8.40498e-05 8.40498e-05 8.40498e-05 8.40498e-05 0 0 0 0
tkfl 0.01162 0.01162 0.01162 0.01162 0.01162 0 0 0 0
s7p5 8.64269e-05 8.64269e-05 8.64269e-05 8.64269e-05 8.64269e-05 0 0 0 0
f6p5 1.31295e-05 1.31295e-05 1.31295e-05 1.31295e-05 1.31295e-05 0 0 0 0
p5f6 2.70852e-05 2.70852e-05 2.70852e-05 2.70852e-05 2.70852e-05 0 0 0 0
f6s7 6.53421e-06 6.53421e-06 6.53421e-06 6.53421e-06 6.53421e-06 0 0 0 0
s7f6 5.20305e-05 5.20305e-05 5.20305e-05 5.20305e-05 5.20305e-05 0 0 0 0
p5g3i 3.22826e-07 3.22826e-07 3.22826e-07 3.22826e-07 3.22826e-07 0 0 0 0
f6e4i 5.30295e-06 5.30295e-06 5.30295e-06 5.30295e-06 5.30295e-06 0 0 0 0
s7p5i 0.000176924 0.000176924 0.000176924 0.000176924 0.000176924 0 0 0 0
2343573 4.35018e-06 4.35018e-06 4.35018e-06 4.35018e-06 4.35018e-06 0 0 0 0
0.000240721 1.80321e-05 1.80321e-05 1.80321e-05 1.80321e-05 1.80321e-05 0 0 0 0
chi         71.6267
time         978564
conc         4.9082
