0.6  dt	
24 -1
0.014  InternVol(mL/mln)
1100000 1750000 cells_0_t
"Anusha-Hyp"
GluHyp1_01. 4 1.000787 0.003007 0.0007403 0.0000000 0.000e+00
**sd** 4 0.004033 0.003108 0.0004207 0.0005774 3.797e-05
LacHyp1_01. 3 0.810004 0.0021555 0.19011 0.000000
**sd** 3 0.003124 0.0009397 0.00122 0.002024
RibHyp1_01. 5 0.84505 0.050671 0.079005 0.009758 0.015413 0.0003452
**sd** 5 0.01391 0.004479 0.006819 0.001020 0.001747 0.0001438
GlycHyp1_01. 6 0.631279 0.004927 0.35012 0.0024795 0.01102 0.0003796 0.000e+00
**sd** 6 0.009942 0.001164 0.01112 0.0004374 0.00049 0.0001108 1.287e-05

